lhs	op	rhs	block	group	label	est	se	z	pvalue	std.lv	std.all	std.nox
Belong	=~	sbvalued	1	1		1	0	NA	NA	0.65978435834938	0.86623223742756	0.86623223742756
Belong	=~	sbmyself	1	1		0.965746922995738	0.0228629687116335	42.2406615333525	0	0.637184713916631	0.830501896371366	0.830501896371366
Belong	=~	sbcommunity	1	1		1.0100554915371	0.0221074655911661	45.6884344056475	0	0.666418814381074	0.878224388948625	0.878224388948625
Gains	=~	pganalyze	1	1		1	0	NA	NA	0.514394421133613	0.735526567103172	0.735526567103172
Gains	=~	pgthink	1	1		1.02823790111416	0.0326027768608234	31.5383534814707	0	0.52891983993126	0.795532518566812	0.795532518566812
Gains	=~	pgwork	1	1		0.999237823993727	0.0310436852203005	32.1881186754301	0	0.514002362048064	0.739272355352749	0.739272355352749
Gains	=~	pgvalues	1	1		0.97326901966206	0.0324579392573132	29.9855456609979	0	0.500644153976344	0.693691955983913	0.693691955983913
Gains	=~	pgprobsolve	1	1		0.987085794280666	0.0326294499584849	30.2513770699952	0	0.507751425758216	0.757207819561639	0.757207819561639
SupportEnv	=~	SEacademic	1	1		1	0	NA	NA	0.605340610619775	0.825498552107947	0.825498552107947
SupportEnv	=~	SEwellness	1	1		1.0053081815448	0.0244341866060672	41.1435092050566	0	0.608553868477382	0.811826097089458	0.811826097089458
SupportEnv	=~	SEnonacad	1	1		1.02568233902186	0.0252880596560809	40.5599461948129	0	0.62088717340541	0.779202703472791	0.779202703472791
SupportEnv	=~	SEactivities	1	1		0.98444230845146	0.0278964778070905	35.2891255756037	0	0.595922908117947	0.739459470732022	0.739459470732022
SupportEnv	=~	SEdiverse	1	1		1.02040839964382	0.0260176981983336	39.2197800076401	0	0.617694643721935	0.795972553084635	0.795972553084635
Satisf	=~	sameinst	1	1		1	0	NA	NA	0.558905690267752	0.859343872860691	0.859343872860691
Satisf	=~	evalexp	1	1		0.999537661939431	0.0475298349863228	21.0296892936207	0	0.558647286894873	0.847137131493249	0.847137131493249
DevAdj	=~	Belong	1	1		1	0	NA	NA	0.414401281793609	0.414401281793609	0.414401281793609
DevAdj	=~	Gains	1	1		0.523163804757225	0.0612182568181663	8.54587882682047	0	0.27807666434827	0.27807666434827	0.27807666434827
DevAdj	=~	SupportEnv	1	1		0.948303555179348	0.0793921358373945	11.9445527592506	0	0.428322287959723	0.428322287959723	0.428322287959723
DevAdj	=~	Satisf	1	1		0.982649865221575	0.0840251142992956	11.6947161978429	0	0.480710239654349	0.480710239654349	0.480710239654349
EmoDiss	=~	MHWdacad	1	1		1	0	NA	NA	0.985797233756126	0.900684981120622	0.900684981120622
EmoDiss	=~	MHWdlonely	1	1		0.989015799823212	0.0155299562415903	63.6843906343121	0	0.974969039606825	0.92646111752198	0.92646111752198
EmoDiss	=~	MHWdmental	1	1		0.996554975780378	0.0151100857100865	65.952966442483	0	0.9824011384102	0.938948012757712	0.938948012757712
EmoDiss	=~	MHWdexhaust	1	1		1.00053520651843	0.0143884938239921	69.5371745477687	0	0.986324838861481	0.934876700332552	0.934876700332552
EmoDiss	=~	MHWdsleep	1	1		0.987314967843339	0.0165990962767032	59.4800434544761	0	0.973292364145982	0.909791795761414	0.909791795761414
EmoDiss	=~	MHWdfinancial	1	1		0.980421739368457	0.0187282454771209	52.3498979424516	0	0.966497038583794	0.852079987520483	0.852079987520483
QualEngag	=~	QIadmin	1	1		1	0	NA	NA	0.996915996860948	0.891081359650829	0.891081359650829
QualEngag	=~	QIstudent	1	1		0.977141458127417	0.0164700261105967	59.3284704933608	0	0.974127950803255	0.896829905654259	0.896829905654259
QualEngag	=~	QIadvisor	1	1		0.997282596717551	0.0159801862573555	62.4074451108798	0	0.994206974058753	0.921900935932734	0.921900935932734
QualEngag	=~	QIfaculty	1	1		0.996609306194336	0.0147669250561257	67.489291264529	0	0.993535759965624	0.936740179001436	0.936740179001436
QualEngag	=~	QIstaff	1	1		0.997387133207737	0.015738193646184	63.3736727117709	0	0.994311188158074	0.916775128501499	0.916775128501499
EmoDiss	~	x_FASt	1	1	W2__a1_g1	0.08538150046899	0.0887358157993158	0.962198856232844	0.335949723571666	0.0866116251347813	0.0432098166791029	0.0866116251347813
EmoDiss	~	credit_dose_c	1	1	W2__a1c_g1	0.0499597231998541	0.0652765864039002	0.765354408864569	0.444060533300833	0.0506795124688019	0.087943107511345	0.0506795124688019
EmoDiss	~	XZ_c	1	1	W2__a1z_g1	-0.0132591373341561	0.070997998602762	-0.186753677499302	0.851853767829012	-0.0134501669107303	-0.0195575639548963	-0.0134501669107303
EmoDiss	~	cohort	1	1	W2__g1_g1	-0.0573169822758794	0.0480238894336073	-1.19350979172813	0.232669779649622	-0.0581427704534003	-0.0290675006740009	-0.0581427704534003
EmoDiss	~	hgrades_c	1	1		-0.0383183624752937	0.0254708666014642	-1.5043996372346	0.132478497635265	-0.0388704301079153	-0.0377206007237819	-0.0388704301079153
EmoDiss	~	bparented_c	1	1		-0.0226656033835193	0.0236459872477294	-0.958539102049788	0.337790983899658	-0.0229921555948761	-0.022670323248508	-0.0229921555948761
EmoDiss	~	hapcl_c	1	1		-0.0301392986369047	0.0589404464107397	-0.511351719782918	0.609104795501719	-0.0305735272983742	-0.0128788044938314	-0.0305735272983742
EmoDiss	~	hprecalc13_c	1	1		-0.0175292213664203	0.0506044200523921	-0.346397040975311	0.729044348588103	-0.0177817717134687	-0.00837004263094513	-0.0177817717134687
EmoDiss	~	hchallenge_c	1	1		0.00841887899570606	0.0192519903625405	0.437299148668133	0.661894412676854	0.00854017307760958	0.0103581245002748	0.00854017307760958
EmoDiss	~	cSFcareer_c	1	1		-0.0261317577776213	0.0302820079292242	-0.86294666584518	0.388166791470125	-0.0265082482307776	-0.0214186183729098	-0.0265082482307776
EmoDiss	~	hacadpr13_c	1	1		-0.00430011444331507	0.00320680509642649	-1.34093414286603	0.179941835681407	-0.00436206787366464	-0.0330438048978218	-0.00436206787366464
EmoDiss	~	tcare_c	1	1		-6.83592136581939e-05	0.00429542726487193	-0.0159144153638071	0.987302669661824	-6.93440915813171e-05	-0.000405342075919178	-6.93440915813171e-05
EmoDiss	~	StemMaj_c	1	1		-0.087777818552209	0.0574270323340659	-1.52851044159109	0.126385853060896	-0.0890424679097082	-0.0385963977490563	-0.0890424679097082
QualEngag	~	x_FASt	1	1	W2__a2_g1	-0.223428484499314	0.0918426107599663	-2.43273228679498	0.0149853760666174	-0.224119670265937	-0.111811432371833	-0.224119670265937
QualEngag	~	credit_dose_c	1	1	W2__a2c_g1	0.109081374847959	0.0699622554723593	1.55914605827788	0.118961814525892	0.109418822841072	0.189872215262546	0.109418822841072
QualEngag	~	XZ_c	1	1	W2__a2z_g1	-0.120815320204854	0.0748846422463516	-1.61335243890732	0.106667959850277	-0.121189067669967	-0.176218106237682	-0.121189067669967
QualEngag	~	cohort	1	1	W2__g2_g1	0.0716260634258671	0.0478646991206417	1.49642773780601	0.134542225788877	0.071847641778646	0.0359190207061079	0.071847641778646
QualEngag	~	hgrades_c	1	1		0.0456217109164959	0.0249950683017742	1.82522849570519	0.0679665553520095	0.0457628436700262	0.0444091292344716	0.0457628436700262
QualEngag	~	bparented_c	1	1		-0.00975118535056105	0.0238276835581377	-0.409237655299933	0.682365263008993	-0.00978135106795881	-0.0096444367559509	-0.00978135106795881
QualEngag	~	hapcl_c	1	1		-0.0191693319266557	0.055140859913156	-0.34764296307396	0.728108336561055	-0.0192286330914695	-0.00809987685921411	-0.0192286330914695
QualEngag	~	hprecalc13_c	1	1		0.122680018961197	0.0515152038439608	2.38143324314107	0.0172454162028159	0.123059534953283	0.057925248974099	0.123059534953283
QualEngag	~	hchallenge_c	1	1		-0.0226713744900873	0.0194269392564008	-1.16700702003881	0.243207534579757	-0.0227415093763909	-0.0275825072049661	-0.0227415093763909
QualEngag	~	cSFcareer_c	1	1		-0.0102182002194332	0.0304742042137018	-0.335306548048886	0.737393854735703	-0.010249810667707	-0.00828182915653031	-0.010249810667707
QualEngag	~	hacadpr13_c	1	1		0.00365597745429184	0.0030779341465852	1.18780236359116	0.234911282990245	0.00366728738008383	0.0277806609620514	0.00366728738008383
QualEngag	~	tcare_c	1	1		-0.00288368876440749	0.00490897886499166	-0.587431489056205	0.556913950589502	-0.00289260958143669	-0.0169083817499911	-0.00289260958143669
QualEngag	~	StemMaj_c	1	1		0.0127131328342141	0.0543741134073155	0.233808554062854	0.815133608440299	0.012752461465404	0.00552768905167086	0.012752461465404
DevAdj	~	x_FASt	1	1	W2__c_g1	0.0219045446246262	0.0325228266425976	0.673512941090309	0.500621018556725	0.0801144994409303	0.0399684549134564	0.0801144994409303
DevAdj	~	credit_dose_c	1	1	W2__cc_g1	0.0180833220813937	0.025684055064039	0.704068031169761	0.481390407756107	0.0661386174242232	0.114768971906956	0.0661386174242232
DevAdj	~	XZ_c	1	1	W2__cz_g1	-0.0273837939458044	0.027677541846871	-0.98938677781821	0.322473941171557	-0.100154510507161	-0.145632262976042	-0.100154510507161
DevAdj	~	EmoDiss	1	1	W2__b1_g1	-0.170587082415024	0.014151361752238	-12.0544641145964	0	-0.615050294948709	-0.615050294948709	-0.615050294948709
DevAdj	~	QualEngag	1	1	W2__b2_g1	0.147710046171335	0.0116804846812457	12.6458833004165	0	0.538574135870907	0.538574135870907	0.538574135870907
DevAdj	~	cohort	1	1	W2__g3_g1	-0.00710041580942653	0.0173809813687149	-0.40851639264783	0.682894598155496	-0.0259693259158261	-0.0129829279319709	-0.0259693259158261
DevAdj	~	hgrades_c	1	1		0.00173989344784174	0.00904472890300913	0.192365461308949	0.847455945004798	0.00636355126495921	0.00617531053256763	0.00636355126495921
DevAdj	~	bparented_c	1	1		-0.0132179193337024	0.00874426895026207	-1.51160942199819	0.130633253346555	-0.0483437117373188	-0.0476670213714955	-0.0483437117373188
DevAdj	~	hapcl_c	1	1		0.0157064898798344	0.0205617744530774	0.763868406186299	0.444945666671073	0.0574455025776845	0.0241983657799023	0.0574455025776845
DevAdj	~	hprecalc13_c	1	1		0.00560369583652029	0.0188309041906963	0.297579753992316	0.766023928860678	0.0204951663983615	0.00964726233397003	0.0204951663983615
DevAdj	~	hchallenge_c	1	1		0.00261471575227709	0.00678606152210655	0.385306815117913	0.700010112874791	0.00956315902767002	0.0115988740420538	0.00956315902767002
DevAdj	~	cSFcareer_c	1	1		-0.0169059845910536	0.0114413276353752	-1.47762437453346	0.139508346509901	-0.0618325793244586	-0.0499606163347144	-0.0618325793244586
DevAdj	~	hacadpr13_c	1	1		-0.000190357686616945	0.00110536700433385	-0.172212202707882	0.863270704829337	-0.000696221311120286	-0.0052740585054301	-0.000696221311120286
DevAdj	~	tcare_c	1	1		-0.00269545248454797	0.00140393210168495	-1.91993080100739	0.0548666407292042	-0.00985844856704288	-0.0576263084046837	-0.00985844856704288
DevAdj	~	StemMaj_c	1	1		-0.0236718892320023	0.0202755635894305	-1.16750832239959	0.243005149372266	-0.086578451601816	-0.037528343867441	-0.086578451601816
sbvalued	~~	sbvalued	1	1		0.144827987725934	0.00832173285858087	17.4035853093501	0	0.144827987725934	0.249641710841244	0.249641710841244
sbmyself	~~	sbmyself	1	1		0.182635192563117	0.00871464177767545	20.9572805426127	0	0.182635192563117	0.310266600123565	0.310266600123565
sbcommunity	~~	sbcommunity	1	1		0.131701677012486	0.00801246236242784	16.4371039831729	0	0.131701677012486	0.228721922655814	0.228721922655814
pganalyze	~~	pganalyze	1	1		0.224496249639037	0.00876712365173875	25.6066024111014	0	0.224496249639037	0.459000669085424	0.459000669085424
pgthink	~~	pgthink	1	1		0.162286115329009	0.00734787433670865	22.0861310213563	0	0.162286115329009	0.367128011902745	0.367128011902745
pgwork	~~	pgwork	1	1		0.219217879452069	0.00914808407827911	23.9632558660641	0	0.219217879452069	0.453476384611199	0.453476384611199
pgvalues	~~	pgvalues	1	1		0.270220198421128	0.01098604878689	24.5966683439081	0	0.270220198421128	0.518791470203213	0.518791470203213
pgprobsolve	~~	pgprobsolve	1	1		0.191835927123506	0.00795014086146201	24.1298777551758	0	0.191835927123506	0.426636317994709	0.426636317994709
SEacademic	~~	SEacademic	1	1		0.171296116425732	0.00721308668870182	23.7479630868766	0	0.171296116425732	0.318552140467683	0.318552140467683
SEwellness	~~	SEwellness	1	1		0.191579017790382	0.00849311894385706	22.5569686538946	0	0.191579017790382	0.340938388084498	0.340938388084498
SEnonacad	~~	SEnonacad	1	1		0.24942711077682	0.010063912011134	24.7843095707585	0	0.24942711077682	0.392843146900694	0.392843146900694
SEactivities	~~	SEactivities	1	1		0.294334394952343	0.0110635730322453	26.60391847141	0	0.294334394952343	0.453199691144718	0.453199691144718
SEdiverse	~~	SEdiverse	1	1		0.220668212005137	0.00839763241556297	26.2774316718344	0	0.220668212005137	0.366427694735928	0.366427694735928
sameinst	~~	sameinst	1	1		0.110627084020141	0.0143219917628254	7.72428066236489	1.13242748511766e-14	0.110627084020141	0.261528108176789	0.261528108176789
evalexp	~~	evalexp	1	1		0.122791723572512	0.014592720915522	8.41458726466158	0	0.122791723572512	0.282358680445389	0.282358680445389
MHWdacad	~~	MHWdacad	1	1		0.22612804126792	0.00967289899071363	23.3774839874801	0	0.22612804126792	0.188766564783744	0.188766564783744
MHWdlonely	~~	MHWdlonely	1	1		0.156893347383006	0.00704013475835967	22.2855602581621	0	0.156893347383006	0.141669797719923	0.141669797719923
MHWdmental	~~	MHWdmental	1	1		0.129586747483203	0.0060709854734212	21.345257380459	0	0.129586747483203	0.118376629338343	0.118376629338343
MHWdexhaust	~~	MHWdexhaust	1	1		0.14025584219828	0.00645217247598404	21.737770141814	0	0.14025584219828	0.12600555517532	0.12600555517532
MHWdsleep	~~	MHWdsleep	1	1		0.197167196286188	0.00832085918580539	23.6955333437846	0	0.197167196286188	0.172278888365221	0.172278888365221
MHWdfinancial	~~	MHWdfinancial	1	1		0.352473928116759	0.0135479561523684	26.0167603255153	0	0.352473928116759	0.273959694867093	0.273959694867093
QIadmin	~~	QIadmin	1	1		0.257807078395329	0.0109353495787211	23.5755680730125	0	0.257807078395329	0.20597401048283	0.20597401048283
QIstudent	~~	QIstudent	1	1		0.230884119099563	0.00963121280378444	23.972486518919	0	0.230884119099563	0.195696120324173	0.195696120324173
QIadvisor	~~	QIadvisor	1	1		0.17456691073429	0.0081586819424511	21.3964598651635	0	0.17456691073429	0.15009866432635	0.15009866432635
QIfaculty	~~	QIfaculty	1	1		0.137825009230903	0.00648152064220042	21.264301518002	0	0.137825009230903	0.122517837044358	0.122517837044358
QIstaff	~~	QIstaff	1	1		0.187647726000819	0.00887371316866285	21.1464718809584	0	0.187647726000819	0.159523363761061	0.159523363761061
Belong	~~	Belong	1	1		0.360559372736892	0.0172110451496543	20.9493014283408	0	0.828271577647814	0.828271577647814	0.828271577647814
Gains	~~	Gains	1	1		0.244140868556001	0.0141575370545783	17.2445862309822	0	0.92267336874494	0.92267336874494	0.92267336874494
SupportEnv	~~	SupportEnv	1	1		0.299210682550728	0.0146878513259446	20.3713038694913	0	0.816540017636948	0.816540017636948	0.816540017636948
Satisf	~~	Satisf	1	1		0.240191094512828	0.0165323094789472	14.5285868752152	0	0.768917665491458	0.768917665491458	0.768917665491458
DevAdj	~~	DevAdj	1	1		0.0237646011107	0.00591179342506397	4.01986324656512	5.82319332305126e-05	0.317895454487613	0.317895454487613	0.317895454487613
EmoDiss	~~	EmoDiss	1	1		0.955457239470359	0.0373625262213835	25.5726080674793	0	0.983186858679948	0.983186858679948	0.983186858679948
QualEngag	~~	QualEngag	1	1		0.977094138689595	0.0399758115482664	24.4421339016435	0	0.98314885620411	0.98314885620411	0.98314885620411
x_FASt	~~	x_FASt	1	1		0.248892879665822	0	NA	NA	0.248892879665822	1	0.248892879665822
x_FASt	~~	credit_dose_c	1	1		0.661629075472568	0	NA	NA	0.661629075472568	0.764256193167049	0.661629075472568
x_FASt	~~	XZ_c	1	1		0.479842956026174	0	NA	NA	0.479842956026174	0.661463374754047	0.479842956026174
x_FASt	~~	cohort	1	1		0.00154939011198987	0	NA	NA	0.00154939011198987	0.00621215916189532	0.00154939011198987
x_FASt	~~	hgrades_c	1	1		-0.0133406922637707	0	NA	NA	-0.0133406922637707	-0.0275557905875093	-0.0133406922637707
x_FASt	~~	bparented_c	1	1		-0.00381141205234294	0	NA	NA	-0.00381141205234294	-0.00774821465616807	-0.00381141205234294
x_FASt	~~	hapcl_c	1	1		-0.000897737746059639	0	NA	NA	-0.000897737746059639	-0.0042718229607253	-0.000897737746059639
x_FASt	~~	hprecalc13_c	1	1		-0.00266348726899711	0	NA	NA	-0.00266348726899711	-0.0113420550126847	-0.00266348726899711
x_FASt	~~	hchallenge_c	1	1		-0.0189328602749269	0	NA	NA	-0.0189328602749269	-0.0312892777989373	-0.0189328602749269
x_FASt	~~	cSFcareer_c	1	1		0.0103349367049289	0	NA	NA	0.0103349367049289	0.0256384142837661	0.0103349367049289
x_FASt	~~	hacadpr13_c	1	1		-0.0541908532604203	0	NA	NA	-0.0541908532604203	-0.0143391075652504	-0.0541908532604203
x_FASt	~~	tcare_c	1	1		0.041648622280183	0	NA	NA	0.041648622280183	0.0142817747542737	0.041648622280183
x_FASt	~~	StemMaj_c	1	1		-0.000992701434343529	0	NA	NA	-0.000992701434343529	-0.00459052998254145	-0.000992701434343529
credit_dose_c	~~	credit_dose_c	1	1		3.01119415246064	0	NA	NA	3.01119415246064	1	3.01119415246064
credit_dose_c	~~	XZ_c	1	1		2.46480400233944	0	NA	NA	2.46480400233944	0.976845603038986	2.46480400233944
credit_dose_c	~~	cohort	1	1		-0.00648318729493697	0	NA	NA	-0.00648318729493697	-0.00747321057281181	-0.00648318729493697
credit_dose_c	~~	hgrades_c	1	1		0.178065365600499	0	NA	NA	0.178065365600499	0.10574280393408	0.178065365600499
credit_dose_c	~~	bparented_c	1	1		-0.0298355886045638	0	NA	NA	-0.0298355886045638	-0.0174376199529195	-0.0298355886045638
credit_dose_c	~~	hapcl_c	1	1		0.0631316153754968	0	NA	NA	0.0631316153754968	0.0863669372525134	0.0631316153754968
credit_dose_c	~~	hprecalc13_c	1	1		0.00757977814890917	0	NA	NA	0.00757977814890917	0.00927971152633189	0.00757977814890917
credit_dose_c	~~	hchallenge_c	1	1		0.0116240208001156	0	NA	NA	0.0116240208001156	0.00552296822717354	0.0116240208001156
credit_dose_c	~~	cSFcareer_c	1	1		-0.0119720152797809	0	NA	NA	-0.0119720152797809	-0.00853861553561462	-0.0119720152797809
credit_dose_c	~~	hacadpr13_c	1	1		-0.250263467350454	0	NA	NA	-0.250263467350454	-0.0190384000263329	-0.250263467350454
credit_dose_c	~~	tcare_c	1	1		0.153275771539407	0	NA	NA	0.153275771539407	0.0151109548361438	0.153275771539407
credit_dose_c	~~	StemMaj_c	1	1		0.00433844804098498	0	NA	NA	0.00433844804098498	0.00576786964231983	0.00433844804098498
XZ_c	~~	XZ_c	1	1		2.11433680923691	0	NA	NA	2.11433680923691	1	2.11433680923691
XZ_c	~~	cohort	1	1		-0.00627925648906563	0	NA	NA	-0.00627925648906563	-0.00863791981519539	-0.00627925648906563
XZ_c	~~	hgrades_c	1	1		0.185619598659538	0	NA	NA	0.185619598659538	0.13154595241713	0.185619598659538
XZ_c	~~	bparented_c	1	1		-0.0268441981020864	0	NA	NA	-0.0268441981020864	-0.0187234263613134	-0.0268441981020864
XZ_c	~~	hapcl_c	1	1		0.0628615779879207	0	NA	NA	0.0628615779879207	0.10262854919386	0.0628615779879207
XZ_c	~~	hprecalc13_c	1	1		0.00415793698347204	0	NA	NA	0.00415793698347204	0.00607488663781714	0.00415793698347204
XZ_c	~~	hchallenge_c	1	1		0.0247713933077496	0	NA	NA	0.0247713933077496	0.0140458781045239	0.0247713933077496
XZ_c	~~	cSFcareer_c	1	1		-0.0114479551146944	0	NA	NA	-0.0114479551146944	-0.00974384593737024	-0.0114479551146944
XZ_c	~~	hacadpr13_c	1	1		-0.214043855398162	0	NA	NA	-0.214043855398162	-0.0194320244964512	-0.214043855398162
XZ_c	~~	tcare_c	1	1		0.142013275987337	0	NA	NA	0.142013275987337	0.0167081988935029	0.142013275987337
XZ_c	~~	StemMaj_c	1	1		0.00714852372400945	0	NA	NA	0.00714852372400945	0.0113417401412936	0.00714852372400945
cohort	~~	cohort	1	1		0.249933193875357	0	NA	NA	0.249933193875357	1	0.249933193875357
cohort	~~	hgrades_c	1	1		0.00359054476975118	0	NA	NA	0.00359054476975118	0.00740097815578648	0.00359054476975118
cohort	~~	bparented_c	1	1		-0.0143674135037701	0	NA	NA	-0.0143674135037701	-0.0291466468455943	-0.0143674135037701
cohort	~~	hapcl_c	1	1		0.002731870105448	0	NA	NA	0.002731870105448	0.0129723325181119	0.002731870105448
cohort	~~	hprecalc13_c	1	1		0.000927388275748524	0	NA	NA	0.000927388275748524	0.00394091431192053	0.000927388275748524
cohort	~~	hchallenge_c	1	1		0.0144499018168028	0	NA	NA	0.0144499018168028	0.0238307917898691	0.0144499018168028
cohort	~~	cSFcareer_c	1	1		-0.00845877033752907	0	NA	NA	-0.00845877033752907	-0.0209403935803958	-0.00845877033752907
cohort	~~	hacadpr13_c	1	1		0.0728724700904487	0	NA	NA	0.0728724700904487	0.0192421630681851	0.0728724700904487
cohort	~~	tcare_c	1	1		-0.0661931445017644	0	NA	NA	-0.0661931445017644	-0.0226510750504643	-0.0661931445017644
cohort	~~	StemMaj_c	1	1		-0.00759754771599096	0	NA	NA	-0.00759754771599096	-0.0350599975928693	-0.00759754771599096
hgrades_c	~~	hgrades_c	1	1		0.941712876225753	0	NA	NA	0.941712876225753	1	0.941712876225753
hgrades_c	~~	bparented_c	1	1		1.829770280396e-05	0	NA	NA	1.829770280396e-05	1.91231438631437e-05	1.829770280396e-05
hgrades_c	~~	hapcl_c	1	1		0.0091153740641224	0	NA	NA	0.0091153740641224	0.0222989922791453	0.0091153740641224
hgrades_c	~~	hprecalc13_c	1	1		0.0180128195509342	0	NA	NA	0.0180128195509342	0.0394339066865986	0.0180128195509342
hgrades_c	~~	hchallenge_c	1	1		0.0687949033052184	0	NA	NA	0.0687949033052184	0.0584497362532788	0.0687949033052184
hgrades_c	~~	cSFcareer_c	1	1		-0.0127622588806869	0	NA	NA	-0.0127622588806869	-0.0162763819096052	-0.0127622588806869
hgrades_c	~~	hacadpr13_c	1	1		0.0311313168401435	0	NA	NA	0.0311313168401435	0.00423487510691107	0.0311313168401435
hgrades_c	~~	tcare_c	1	1		0.0655571891014912	0	NA	NA	0.0655571891014912	0.011557099319831	0.0655571891014912
hgrades_c	~~	StemMaj_c	1	1		-0.0134624345334584	0	NA	NA	-0.0134624345334584	-0.0320047740288267	-0.0134624345334584
bparented_c	~~	bparented_c	1	1		0.972200960160019	0	NA	NA	0.972200960160019	1	0.972200960160019
bparented_c	~~	hapcl_c	1	1		-0.0181632198610277	0	NA	NA	-0.0181632198610277	-0.0437305372929407	-0.0181632198610277
bparented_c	~~	hprecalc13_c	1	1		0.00227001875245453	0	NA	NA	0.00227001875245453	0.00489101260916008	0.00227001875245453
bparented_c	~~	hchallenge_c	1	1		-0.0500924999156415	0	NA	NA	-0.0500924999156415	-0.0418870937585334	-0.0500924999156415
bparented_c	~~	cSFcareer_c	1	1		-0.0263167595021814	0	NA	NA	-0.0263167595021814	-0.0330326917567766	-0.0263167595021814
bparented_c	~~	hacadpr13_c	1	1		-0.0102292670453752	0	NA	NA	-0.0102292670453752	-0.00136952152732873	-0.0102292670453752
bparented_c	~~	tcare_c	1	1		0.003339514488226	0	NA	NA	0.003339514488226	0.00057941947058313	0.003339514488226
bparented_c	~~	StemMaj_c	1	1		0.00655405271735475	0	NA	NA	0.00655405271735475	0.0153349485280197	0.00655405271735475
hapcl_c	~~	hapcl_c	1	1		0.177443464265682	0	NA	NA	0.177443464265682	1	0.177443464265682
hapcl_c	~~	hprecalc13_c	1	1		0.00868626475941165	0	NA	NA	0.00868626475941165	0.0438076966506299	0.00868626475941165
hapcl_c	~~	hchallenge_c	1	1		0.0113863525070724	0	NA	NA	0.0113863525070724	0.022286412601305	0.0113863525070724
hapcl_c	~~	cSFcareer_c	1	1		0.00899798946281845	0	NA	NA	0.00899798946281845	0.0264365666640912	0.00899798946281845
hapcl_c	~~	hacadpr13_c	1	1		0.0134265086222337	0	NA	NA	0.0134265086222337	0.00420760982808852	0.0134265086222337
hapcl_c	~~	tcare_c	1	1		-0.018740840462192	0	NA	NA	-0.018740840462192	-0.00761108961707556	-0.018740840462192
hapcl_c	~~	StemMaj_c	1	1		0.0049731566802548	0	NA	NA	0.0049731566802548	0.0272365787081428	0.0049731566802548
hprecalc13_c	~~	hprecalc13_c	1	1		0.221567102951564	0	NA	NA	0.221567102951564	1	0.221567102951564
hprecalc13_c	~~	hchallenge_c	1	1		0.00942776881100257	0	NA	NA	0.00942776881100257	0.0165136026390794	0.00942776881100257
hprecalc13_c	~~	cSFcareer_c	1	1		0.00467745465976963	0	NA	NA	0.00467745465976963	0.0122983407752904	0.00467745465976963
hprecalc13_c	~~	hacadpr13_c	1	1		0.0296607948777709	0	NA	NA	0.0296607948777709	0.00831826047350507	0.0296607948777709
hprecalc13_c	~~	tcare_c	1	1		-0.0490948361919646	0	NA	NA	-0.0490948361919646	-0.0178431263806379	-0.0490948361919646
hprecalc13_c	~~	StemMaj_c	1	1		-0.00290451564957909	0	NA	NA	-0.00290451564957909	-0.0142354597040389	-0.00290451564957909
hchallenge_c	~~	hchallenge_c	1	1		1.47105499450166	0	NA	NA	1.47105499450166	1	1.47105499450166
hchallenge_c	~~	cSFcareer_c	1	1		-0.00392403735777088	0	NA	NA	-0.00392403735777088	-0.00400413079088862	-0.00392403735777088
hchallenge_c	~~	hacadpr13_c	1	1		-0.0171127305611925	0	NA	NA	-0.0171127305611925	-0.00186254694427858	-0.0171127305611925
hchallenge_c	~~	tcare_c	1	1		0.309706295915908	0	NA	NA	0.309706295915908	0.043684096266058	0.309706295915908
hchallenge_c	~~	StemMaj_c	1	1		0.00963703917493387	0	NA	NA	0.00963703917493387	0.0183307225939035	0.00963703917493387
cSFcareer_c	~~	cSFcareer_c	1	1		0.652861183700206	0	NA	NA	0.652861183700206	1	0.652861183700206
cSFcareer_c	~~	hacadpr13_c	1	1		-0.0768991493793132	0	NA	NA	-0.0768991493793132	-0.0125635820810725	-0.0768991493793132
cSFcareer_c	~~	tcare_c	1	1		-0.200676050691567	0	NA	NA	-0.200676050691567	-0.0424886465680488	-0.200676050691567
cSFcareer_c	~~	StemMaj_c	1	1		-0.000545155722449993	0	NA	NA	-0.000545155722449993	-0.00155654100571931	-0.000545155722449993
hacadpr13_c	~~	hacadpr13_c	1	1		57.3845870506216	0	NA	NA	57.3845870506216	1	57.3845870506216
hacadpr13_c	~~	tcare_c	1	1		-0.902143485771347	0	NA	NA	-0.902143485771347	-0.0203735055985839	-0.902143485771347
hacadpr13_c	~~	StemMaj_c	1	1		-0.0748107574855381	0	NA	NA	-0.0748107574855381	-0.0227833109189307	-0.0748107574855381
tcare_c	~~	tcare_c	1	1		34.1683847134196	0	NA	NA	34.1683847134196	1	34.1683847134196
tcare_c	~~	StemMaj_c	1	1		0.0382727313185422	0	NA	NA	0.0382727313185422	0.0151052406121939	0.0382727313185422
StemMaj_c	~~	StemMaj_c	1	1		0.18788805459411	0	NA	NA	0.18788805459411	1	0.18788805459411
sbvalued	~1		1	1		2.70560394081545	0.030104069148341	89.8750241199388	0	2.70560394081545	3.55219296363545	3.55219296363545
sbmyself	~1		1	1		2.69448819258524	0.0292149821858832	92.2296709079366	0	2.69448819258524	3.51197620535681	3.51197620535681
sbcommunity	~1		1	1		2.71428963628367	0.0299120909294912	90.7422233598378	0	2.71428963628367	3.57696287351774	3.57696287351774
pganalyze	~1		1	1		2.94166969576327	0.0210230391689903	139.925996052099	0	2.94166969576327	4.20625909609968	4.20625909609968
pgthink	~1		1	1		2.93176282621989	0.0206926010165553	141.681696944444	0	2.93176282621989	4.40957681845773	4.40957681845773
pgwork	~1		1	1		2.93873929554428	0.0210443072497215	139.64533309041	0	2.93873929554428	4.22669015007667	4.22669015007667
pgvalues	~1		1	1		2.91482084151388	0.0213993038847721	136.211012152974	0	2.91482084151388	4.03877235923538	4.03877235923538
pgprobsolve	~1		1	1		2.93700315419491	0.0202796327789677	144.825263169504	0	2.93700315419491	4.37994191963645	4.37994191963645
SEacademic	~1		1	1		2.70982519787447	0.0283125585444564	95.7110673561878	0	2.70982519787447	3.69536875284266	3.69536875284266
SEwellness	~1		1	1		2.68858878393921	0.0283426289975637	94.8602468800732	0	2.68858878393921	3.58664475275616	3.58664475275616
SEnonacad	~1		1	1		2.7088365144811	0.0295522532563869	91.6626049113753	0	2.7088365144811	3.39954314690163	3.39954314690163
SEactivities	~1		1	1		2.69421042410896	0.0291094507424433	92.554491939645	0	2.69421042410896	3.34314957037696	3.34314957037696
SEdiverse	~1		1	1		2.71162709449696	0.0292937845665113	92.5666360500545	0	2.71162709449696	3.49425199547601	3.49425199547601
sameinst	~1		1	1		2.85018135613405	0.0283263772262853	100.619339118638	0	2.85018135613405	4.38228833161853	4.38228833161853
evalexp	~1		1	1		2.85990023409969	0.0285673010948048	100.110970392642	0	2.85990023409969	4.3367751665605	4.3367751665605
MHWdacad	~1		1	1		3.90510240346755	0.0595326656329368	65.5959608384649	0	3.90510240346755	3.56794172685961	3.56794172685961
MHWdlonely	~1		1	1		3.88895859221089	0.0584745909475723	66.5068114063027	0	3.88895859221089	3.69547008876238	3.69547008876238
MHWdmental	~1		1	1		3.89063966001921	0.0590224421530117	65.9179715053638	0	3.89063966001921	3.71855063507269	3.71855063507269
MHWdexhaust	~1		1	1		3.91183141079952	0.0593454016876932	65.9163355466972	0	3.91183141079952	3.70778459336669	3.70778459336669
MHWdsleep	~1		1	1		3.92098405925377	0.0590671266672159	66.3818316632293	0	3.92098405925377	3.66516707603114	3.66516707603114
MHWdfinancial	~1		1	1		3.89037256710812	0.0593726012125796	65.5247115277787	0	3.89037256710812	3.42981765706064	3.42981765706064
QIadmin	~1		1	1		4.82281964353219	0.0629404837130233	76.6250806956267	0	4.82281964353219	4.31081926545594	4.31081926545594
QIstudent	~1		1	1		4.83606618886854	0.0610962456210774	79.154883245398	0	4.83606618886854	4.45231941073488	4.45231941073488
QIadvisor	~1		1	1		4.82281317734764	0.062291715202692	77.4230274709022	0	4.82281317734764	4.47206275759112	4.47206275759112
QIfaculty	~1		1	1		4.82853031674874	0.0620169811738156	77.8581966641648	0	4.82853031674874	4.55250685026332	4.55250685026332
QIstaff	~1		1	1		4.82109360098287	0.0625953727584862	77.019967906961	0	4.82109360098287	4.44514630650637	4.44514630650637
x_FASt	~1		1	1		0.466726582168678	0	NA	NA	0.466726582168678	0.935526944616291	0.466726582168678
credit_dose_c	~1		1	1		0.51031495068431	0	NA	NA	0.51031495068431	0.294082317967729	0.51031495068431
XZ_c	~1		1	1		0.899806628235033	0	NA	NA	0.899806628235033	0.618816809959235	0.899806628235033
cohort	~1		1	1		0.508173501369861	0	NA	NA	0.508173501369861	1.01648282637097	0.508173501369861
hgrades_c	~1		1	1		-0.0670724236150024	0	NA	NA	-0.0670724236150024	-0.0691169786342163	-0.0670724236150024
bparented_c	~1		1	1		0.0322995612431546	0	NA	NA	0.0322995612431546	0.0327580921369401	0.0322995612431546
hapcl_c	~1		1	1		-0.016163204120975	0	NA	NA	-0.016163204120975	-0.0383704995800283	-0.016163204120975
hprecalc13_c	~1		1	1		-0.0122205712492843	0	NA	NA	-0.0122205712492843	-0.0259620431752107	-0.0122205712492843
hchallenge_c	~1		1	1		-0.0267588843916884	0	NA	NA	-0.0267588843916884	-0.0220624403638615	-0.0267588843916884
cSFcareer_c	~1		1	1		0.0216250945408857	0	NA	NA	0.0216250945408857	0.0267637885937997	0.0216250945408857
hacadpr13_c	~1		1	1		-0.35267057121449	0	NA	NA	-0.35267057121449	-0.0465555638474035	-0.35267057121449
tcare_c	~1		1	1		0.0982101838483738	0	NA	NA	0.0982101838483738	0.0168013546769261	0.0982101838483738
StemMaj_c	~1		1	1		0.00257731763362792	0	NA	NA	0.00257731763362792	0.00594591039758498	0.00257731763362792
Belong	~1		1	1		0	0	NA	NA	0	0	0
Gains	~1		1	1		0	0	NA	NA	0	0	0
SupportEnv	~1		1	1		0	0	NA	NA	0	0	0
Satisf	~1		1	1		0	0	NA	NA	0	0	0
DevAdj	~1		1	1		0	0	NA	NA	0	0	0
EmoDiss	~1		1	1		0	0	NA	NA	0	0	0
QualEngag	~1		1	1		0	0	NA	NA	0	0	0
Belong	=~	sbvalued	2	2		1	0	NA	NA	0.681948160537862	0.870038440130387	0.870038440130387
Belong	=~	sbmyself	2	2		0.989215028995762	0.0197591023667363	50.0637635574513	0	0.674593369400067	0.845304659781617	0.845304659781617
Belong	=~	sbcommunity	2	2		1.01398776253953	0.0192118841850012	52.7791940017601	0	0.691487089471731	0.890712063341238	0.890712063341238
Gains	=~	pganalyze	2	2		1	0	NA	NA	0.527488129891437	0.727226519032078	0.727226519032078
Gains	=~	pgthink	2	2		0.999256779166945	0.0302357744090446	33.0488237426467	0	0.527096089724113	0.789847484146506	0.789847484146506
Gains	=~	pgwork	2	2		0.995405419893631	0.0302124263647288	32.9468877433726	0	0.525064543423492	0.752689730184129	0.752689730184129
Gains	=~	pgvalues	2	2		1.00869833182024	0.0327681414926667	30.7828972249152	0	0.532076396676469	0.721042612645196	0.721042612645196
Gains	=~	pgprobsolve	2	2		0.984614917301831	0.029885765680569	32.9459491794786	0	0.519372681390755	0.760814444066109	0.760814444066109
SupportEnv	=~	SEacademic	2	2		1	0	NA	NA	0.604848841699318	0.82818056977383	0.82818056977383
SupportEnv	=~	SEwellness	2	2		1.03359318883734	0.0241212909682307	42.8498288171496	0	0.625167643056571	0.817803676664488	0.817803676664488
SupportEnv	=~	SEnonacad	2	2		1.01388914977885	0.0252657995595565	40.1289160625576	0	0.613249677855242	0.783168139145809	0.783168139145809
SupportEnv	=~	SEactivities	2	2		0.975285451037579	0.0246678021704333	39.5367793327997	0	0.589900275386277	0.742780271562139	0.742780271562139
SupportEnv	=~	SEdiverse	2	2		1.01337428179528	0.024562274784159	41.2573465080214	0	0.612938260551755	0.786659072341689	0.786659072341689
Satisf	=~	sameinst	2	2		1	0	NA	NA	0.582725018696776	0.876846654363484	0.876846654363484
Satisf	=~	evalexp	2	2		0.963356485055594	0.0421437487656132	22.858822797502	0	0.561371925765682	0.852547634344419	0.852547634344419
DevAdj	=~	Belong	2	2		1	0	NA	NA	0.489822072208994	0.489822072208994	0.489822072208994
DevAdj	=~	Gains	2	2		0.364326952224925	0.0469904868662383	7.75320658545222	8.88178419700125e-15	0.23071101144146	0.23071101144146	0.23071101144146
DevAdj	=~	SupportEnv	2	2		0.821863624952061	0.0565035476841765	14.545345533803	0	0.453881644343844	0.453881644343844	0.453881644343844
DevAdj	=~	Satisf	2	2		0.77845449891029	0.0556421881640342	13.9903645883838	0	0.446230531678209	0.446230531678209	0.446230531678209
EmoDiss	=~	MHWdacad	2	2		1	0	NA	NA	1.04158019488204	0.914964819671292	0.914964819671292
EmoDiss	=~	MHWdlonely	2	2		1.01545047364475	0.0142907215197313	71.056627353819	0	1.05767310223195	0.933657624561877	0.933657624561877
EmoDiss	=~	MHWdmental	2	2		1.00335687101935	0.0129873281382709	77.2566043097557	0	1.04507664525257	0.945822452376072	0.945822452376072
EmoDiss	=~	MHWdexhaust	2	2		1.00950807991448	0.0135967398695081	74.2463332830537	0	1.05148362261232	0.939959004682455	0.939959004682455
EmoDiss	=~	MHWdsleep	2	2		1.0086810332731	0.0139315453390426	72.4026666622765	0	1.05062218721041	0.92723939244833	0.92723939244833
EmoDiss	=~	MHWdfinancial	2	2		1.01280648416849	0.016434665107494	61.6262319642073	0	1.05491917515801	0.877540223941823	0.877540223941823
QualEngag	=~	QIadmin	2	2		1	0	NA	NA	0.970558182752	0.886765293723823	0.886765293723823
QualEngag	=~	QIstudent	2	2		1.00340305026499	0.0163079899645722	61.5283092793655	0	0.973861041033002	0.895718737502312	0.895718737502312
QualEngag	=~	QIadvisor	2	2		1.0027556517186	0.0155299294999643	64.5692339891756	0	0.973232703076298	0.916611953779422	0.916611953779422
QualEngag	=~	QIfaculty	2	2		1.01091379488373	0.0153792696115998	65.7322369926626	0	0.981150655681286	0.931662349691824	0.931662349691824
QualEngag	=~	QIstaff	2	2		0.992408897551108	0.0155743000193802	63.7209310412785	0	0.963190576154119	0.909443447515004	0.909443447515004
EmoDiss	~	x_FASt	2	2	W2__a1_g2	0.238748229756542	0.0837797972536173	2.84971123806621	0.00437589373028335	0.22921732856449	0.114431768233507	0.22921732856449
EmoDiss	~	credit_dose_c	2	2	W2__a1c_g2	-0.135338935644352	0.0677282262133747	-1.99826487730497	0.0456879511770174	-0.129936164598137	-0.244236693059946	-0.129936164598137
EmoDiss	~	XZ_c	2	2	W2__a1z_g2	0.149905430628456	0.0719635038557552	2.08307576197136	0.0372443183114208	0.143921160718146	0.231181965718305	0.143921160718146
EmoDiss	~	cohort	2	2	W2__g1_g2	0.0367351250625443	0.0478382208892863	0.767903245138687	0.442544669338668	0.0352686478132436	0.0176262560101952	0.0352686478132436
EmoDiss	~	hgrades_c	2	2		-0.0148580730243492	0.0252401440303132	-0.588668313719003	0.556083797705979	-0.0142649342771268	-0.0135299705592285	-0.0142649342771268
EmoDiss	~	bparented_c	2	2		-0.0208484521792924	0.0250722619858815	-0.831534553644675	0.40567171660101	-0.0200161756931769	-0.0195558536161104	-0.0200161756931769
EmoDiss	~	hapcl_c	2	2		-0.0717186706551287	0.05418528968988	-1.32358193645541	0.185641927571639	-0.0688556397361712	-0.0316993173372059	-0.0688556397361712
EmoDiss	~	hprecalc13_c	2	2		0.00338240194600841	0.0493122969582702	0.0685914498947537	0.945314824834322	0.00324737544226392	0.00159012107832272	0.00324737544226392
EmoDiss	~	hchallenge_c	2	2		0.000559268239299263	0.0201640427730836	0.0277359181188513	0.977872776199019	0.000536942082853832	0.000646540295957599	0.000536942082853832
EmoDiss	~	cSFcareer_c	2	2		0.0122776653182937	0.0286878749542698	0.427974025188866	0.6686700314966	0.0117875372233668	0.00968612090425995	0.0117875372233668
EmoDiss	~	hacadpr13_c	2	2		0.00242203387726775	0.00295104820738411	0.820736805046877	0.41179620161674	0.00232534555588593	0.0187508267499787	0.00232534555588593
EmoDiss	~	tcare_c	2	2		0.00559399626397836	0.00436563940964355	1.28136928845324	0.200063986123822	0.00537068224939884	0.0294102262179532	0.00537068224939884
EmoDiss	~	StemMaj_c	2	2		0.0128987812125683	0.0551140700848913	0.234037899808534	0.814955555792869	0.012383857984194	0.00532857930449566	0.012383857984194
QualEngag	~	x_FASt	2	2	W2__a2_g2	0.139141692589673	0.0786995179694912	1.76801200540534	0.0770588966555692	0.143362546483447	0.0715706347129143	0.143362546483447
QualEngag	~	credit_dose_c	2	2	W2__a2c_g2	-0.0888088319846897	0.0670750955094658	-1.32402095457556	0.185496085518541	-0.0915028419346008	-0.17199485292499	-0.0915028419346008
QualEngag	~	XZ_c	2	2	W2__a2z_g2	0.0646538541442882	0.0706574858953218	0.915031908155806	0.360174879374259	0.0666151244647316	0.107004524862649	0.0666151244647316
QualEngag	~	cohort	2	2	W2__g2_g2	0.0427979792379091	0.0437025453753169	0.979301751656811	0.327430905215518	0.0440962530618785	0.022038039271445	0.0440962530618785
QualEngag	~	hgrades_c	2	2		0.0486222398621252	0.0238663033791804	2.03727569743961	0.0416224218062089	0.0500971922407142	0.0475160644240555	0.0500971922407142
QualEngag	~	bparented_c	2	2		-0.00979895033977727	0.0226163540933784	-0.433268346406293	0.664819831204367	-0.0100962008398018	-0.00986401342237012	-0.0100962008398018
QualEngag	~	hapcl_c	2	2		0.0953137377631401	0.0485270998373924	1.96413422773096	0.0495145278138178	0.0982050735926822	0.0452110212593487	0.0982050735926822
QualEngag	~	hprecalc13_c	2	2		0.183255314322189	0.0452437504653746	4.0504006064315	5.1130024077084e-05	0.188814351966589	0.0924554879132195	0.188814351966589
QualEngag	~	hchallenge_c	2	2		-0.000398793226031562	0.0187975948629595	-0.0212151197501006	0.983074053180709	-0.00041089059174257	-0.000494759739038283	-0.00041089059174257
QualEngag	~	cSFcareer_c	2	2		-0.011784420203209	0.0265688783134463	-0.443542255122037	0.657373562679488	-0.0121418997981084	-0.00997730969780096	-0.0121418997981084
QualEngag	~	hacadpr13_c	2	2		-0.00654107928660092	0.00270494538802248	-2.41819273526367	0.0155978126298006	-0.00673950248717064	-0.0543451459066441	-0.00673950248717064
QualEngag	~	tcare_c	2	2		-0.000415016160282847	0.00367400234731017	-0.112960232751808	0.910062083025849	-0.000427605647614114	-0.0023415980027143	-0.000427605647614114
QualEngag	~	StemMaj_c	2	2		-0.00555166760126169	0.0532033973391013	-0.104347990521679	0.916893194821636	-0.00572007706484946	-0.00246125918972744	-0.00572007706484946
DevAdj	~	x_FASt	2	2	W2__c_g2	-0.0140492064320642	0.0345364181801633	-0.406793963368605	0.684159320791691	-0.0420593038680601	-0.0209971931111586	-0.0420593038680601
DevAdj	~	credit_dose_c	2	2	W2__cc_g2	0.0157704973180704	0.0280570101583464	0.56208759340592	0.574056340852489	0.0472123562322585	0.0887434979583836	0.0472123562322585
DevAdj	~	XZ_c	2	2	W2__cz_g2	-0.00591148097275649	0.0294814449310389	-0.200515306715266	0.841077588054167	-0.0176972824583154	-0.0284273176103531	-0.0176972824583154
DevAdj	~	EmoDiss	2	2	W2__b1_g2	-0.227453952161058	0.013529698207768	-16.8114579252378	0	-0.709245333876291	-0.709245333876291	-0.709245333876291
DevAdj	~	QualEngag	2	2	W2__b2_g2	0.168756201127411	0.0117743658554383	14.3325087057208	0	0.490333541451613	0.490333541451613	0.490333541451613
DevAdj	~	cohort	2	2	W2__g3_g2	0.00855611282225145	0.0190732047412706	0.448593350635917	0.653725031366425	0.0256145534525829	0.0128014172568453	0.0256145534525829
DevAdj	~	hgrades_c	2	2		0.028084919401803	0.010177615267968	2.75947937334541	0.00578935417318993	0.0840782121710811	0.0797463004909423	0.0840782121710811
DevAdj	~	bparented_c	2	2		0.00739741291644982	0.00965934059712123	0.765830011072853	0.443777454661815	0.022145737497343	0.0216364408145395	0.022145737497343
DevAdj	~	hapcl_c	2	2		0.0205865884963823	0.0199517990963189	1.0318161483583	0.30215825291781	0.0616303550925074	0.0283729871825705	0.0616303550925074
DevAdj	~	hprecalc13_c	2	2		-0.0113836699822121	0.0191201088533789	-0.595376839614611	0.551591603350674	-0.0340794504821883	-0.0166874614632191	-0.0340794504821883
DevAdj	~	hchallenge_c	2	2		-0.00699964047587517	0.00784386499267455	-0.892371360599932	0.372193916526868	-0.0209549206331046	-0.0252321451801414	-0.0209549206331046
DevAdj	~	cSFcareer_c	2	2		0.0144801368621386	0.0116820654744029	1.23951855036824	0.215153523279968	0.0433493862646808	0.0356212997277165	0.0433493862646808
DevAdj	~	hacadpr13_c	2	2		-0.00132886091941013	0.00114079085122997	-1.16485937626287	0.244075919616609	-0.00397822933829926	-0.0320791414873013	-0.00397822933829926
DevAdj	~	tcare_c	2	2		-0.00128436226968013	0.00176549128393677	-0.72748151257717	0.466931036541038	-0.00384501311432516	-0.0210555568644854	-0.00384501311432516
DevAdj	~	StemMaj_c	2	2		0.0244853183402937	0.0216052514204924	1.13330402242251	0.257086603157946	0.0733020366211026	0.031540713387954	0.0733020366211026
sbvalued	~~	sbvalued	2	2		0.149310823793334	0.00795098257685164	18.7789147253366	0	0.149310823793334	0.243033112695484	0.243033112695484
sbmyself	~~	sbmyself	2	2		0.181803785003048	0.00844172922768922	21.5363203556357	0	0.181803785003048	0.285460032151485	0.285460032151485
sbcommunity	~~	sbcommunity	2	2		0.124534908281711	0.00735989882006595	16.9207364566181	0	0.124534908281711	0.206632020218394	0.206632020218394
pganalyze	~~	pganalyze	2	2		0.247877673039317	0.00874051718161049	28.3596116670117	0	0.247877673039317	0.471141590016486	0.471141590016486
pgthink	~~	pgthink	2	2		0.167511153663325	0.00718857849529126	23.3024030791414	0	0.167511153663325	0.376140951787435	0.376140951787435
pgwork	~~	pgwork	2	2		0.210931089883657	0.00852655674499485	24.7381324246127	0	0.210931089883657	0.433458170075344	0.433458170075344
pgvalues	~~	pgvalues	2	2		0.261430115287234	0.00966135289285682	27.0593692401531	0	0.261430115287234	0.48009755074979	0.48009755074979
pgprobsolve	~~	pgprobsolve	2	2		0.196267887615119	0.0078630278567563	24.960853654674	0	0.196267887615119	0.421161381700377	0.421161381700377
SEacademic	~~	SEacademic	2	2		0.16754635946323	0.0070153949977022	23.882669403235	0	0.16754635946323	0.314116943849094	0.314116943849094
SEwellness	~~	SEwellness	2	2		0.19354477567059	0.00787948438090784	24.5631270162237	0	0.19354477567059	0.331197146434046	0.331197146434046
SEnonacad	~~	SEnonacad	2	2		0.237071871329328	0.00843439097975304	28.1077640221356	0	0.237071871329328	0.386647665826891	0.386647665826891
SEactivities	~~	SEactivities	2	2		0.282737483178186	0.0102916570889781	27.4724935677253	0	0.282737483178186	0.448277468178075	0.448277468178075
SEdiverse	~~	SEdiverse	2	2		0.231406854980014	0.00947680451661409	24.4182366085875	0	0.231406854980014	0.381167503902514	0.381167503902514
sameinst	~~	sameinst	2	2		0.102083378672495	0.0142652919038072	7.15606658180263	8.30224777814692e-13	0.102083378672495	0.231139944731564	0.231139944731564
evalexp	~~	evalexp	2	2		0.118436400667039	0.0136644021800371	8.66751425393991	0	0.118436400667039	0.273162531173735	0.273162531173735
MHWdacad	~~	MHWdacad	2	2		0.21102605108771	0.00831035874004961	25.3931337609681	0	0.21102605108771	0.16283937876388	0.16283937876388
MHWdlonely	~~	MHWdlonely	2	2		0.164625922328836	0.00707612199647864	23.2649920974738	0	0.164625922328836	0.128283440097473	0.128283440097473
MHWdmental	~~	MHWdmental	2	2		0.128706238870809	0.0057232181173722	22.4884385377757	0	0.128706238870809	0.105419888581314	0.105419888581314
MHWdexhaust	~~	MHWdexhaust	2	2		0.145756400779435	0.00634743264650871	22.9630480379505	0	0.145756400779435	0.11647706951637	0.11647706951637
MHWdsleep	~~	MHWdsleep	2	2		0.180028544135486	0.00740945945278317	24.2971225205724	0	0.180028544135486	0.140227109092051	0.140227109092051
MHWdfinancial	~~	MHWdfinancial	2	2		0.332266853746868	0.0117355556053662	28.312835362898	0	0.332266853746868	0.229923155364135	0.229923155364135
QIadmin	~~	QIadmin	2	2		0.255931188313503	0.00961823051130879	26.6089680438192	0	0.255931188313503	0.213647313846901	0.213647313846901
QIstudent	~~	QIstudent	2	2		0.233685006945198	0.00956398726181316	24.4338475729939	0	0.233685006945198	0.197687943287263	0.197687943287263
QIadvisor	~~	QIadvisor	2	2		0.180177412310791	0.00763430140717476	23.6010346855652	0	0.180177412310791	0.159822526188672	0.159822526188672
QIfaculty	~~	QIfaculty	2	2		0.146401512548321	0.00653240926651719	22.4115646425773	0	0.146401512548321	0.132005266166709	0.132005266166709
QIstaff	~~	QIstaff	2	2		0.193954443549797	0.00772204291943473	25.116985954799	0	0.193954443549797	0.172912615772024	0.172912615772024
Belong	~~	Belong	2	2		0.353475074117314	0.0158622763474302	22.2840068080506	0	0.760074337576887	0.760074337576887	0.760074337576887
Gains	~~	Gains	2	2		0.263433489488335	0.013747812138534	19.1618482151027	0	0.946772429199659	0.946772429199659	0.946772429199659
SupportEnv	~~	SupportEnv	2	2		0.290475517437124	0.0137170656781139	21.176213940609	0	0.793991452927728	0.793991452927728	0.793991452927728
Satisf	~~	Satisf	2	2		0.271953005177437	0.0169507282749163	16.0437357479131	0	0.800878312598183	0.800878312598183	0.800878312598183
DevAdj	~~	DevAdj	2	2		0.0261898274767995	0.00683886118050023	3.82955974475327	0.000128372715086922	0.234721682994338	0.234721682994338	0.234721682994338
EmoDiss	~~	EmoDiss	2	2		1.07308254764236	0.0379374945697379	28.2855407246197	0	0.989117088073088	0.989117088073088	0.989117088073088
QualEngag	~~	QualEngag	2	2		0.925058935556127	0.0352068070357349	26.2750022919487	0	0.982033383609867	0.982033383609867	0.982033383609867
x_FASt	~~	x_FASt	2	2		0.24922885615939	0	NA	NA	0.24922885615939	1	0.24922885615939
x_FASt	~~	credit_dose_c	2	2		0.702472536895053	0	NA	NA	0.702472536895053	0.748599133917837	0.702472536895053
x_FASt	~~	XZ_c	2	2		0.519618508889147	0	NA	NA	0.519618508889147	0.647971867593052	0.519618508889147
x_FASt	~~	cohort	2	2		-0.00319635391198414	0	NA	NA	-0.00319635391198414	-0.0128110413644448	-0.00319635391198414
x_FASt	~~	hgrades_c	2	2		0.00524575703718536	0	NA	NA	0.00524575703718536	0.0110785247750023	0.00524575703718536
x_FASt	~~	bparented_c	2	2		0.0038451889631746	0	NA	NA	0.0038451889631746	0.00788356861057928	0.0038451889631746
x_FASt	~~	hapcl_c	2	2		-0.00131357054400567	0	NA	NA	-0.00131357054400567	-0.0057153633700852	-0.00131357054400567
x_FASt	~~	hprecalc13_c	2	2		0.00034905997353268	0	NA	NA	0.00034905997353268	0.00142791776515086	0.00034905997353268
x_FASt	~~	hchallenge_c	2	2		0.0132690538658791	0	NA	NA	0.0132690538658791	0.0220735731676243	0.0132690538658791
x_FASt	~~	cSFcareer_c	2	2		-0.0075825658742541	0	NA	NA	-0.0075825658742541	-0.0184837557641364	-0.0075825658742541
x_FASt	~~	hacadpr13_c	2	2		0.0161107230831928	0	NA	NA	0.0161107230831928	0.00400205404874774	0.0161107230831928
x_FASt	~~	tcare_c	2	2		-0.0242129045925983	0	NA	NA	-0.0242129045925983	-0.0088568404689775	-0.0242129045925983
x_FASt	~~	StemMaj_c	2	2		0.000979688033198581	0	NA	NA	0.000979688033198581	0.00456071748237887	0.000979688033198581
credit_dose_c	~~	credit_dose_c	2	2		3.53314723115378	0	NA	NA	3.53314723115378	1	3.53314723115378
credit_dose_c	~~	XZ_c	2	2		2.96146435048493	0	NA	NA	2.96146435048493	0.980835874706881	2.96146435048493
credit_dose_c	~~	cohort	2	2		-0.0121558128430896	0	NA	NA	-0.0121558128430896	-0.01293992838372	-0.0121558128430896
credit_dose_c	~~	hgrades_c	2	2		0.24168991233017	0	NA	NA	0.24168991233017	0.135565936927636	0.24168991233017
credit_dose_c	~~	bparented_c	2	2		-0.0174384169059706	0	NA	NA	-0.0174384169059706	-0.00949577717897267	-0.0174384169059706
credit_dose_c	~~	hapcl_c	2	2		0.0825447196807452	0	NA	NA	0.0825447196807452	0.0953889432176982	0.0825447196807452
credit_dose_c	~~	hprecalc13_c	2	2		-0.00378025331549246	0	NA	NA	-0.00378025331549246	-0.00410716681912984	-0.00378025331549246
credit_dose_c	~~	hchallenge_c	2	2		0.0419800852225681	0	NA	NA	0.0419800852225681	0.0185478806900544	0.0419800852225681
credit_dose_c	~~	cSFcareer_c	2	2		-0.0237737497227319	0	NA	NA	-0.0237737497227319	-0.0153918212146016	-0.0237737497227319
credit_dose_c	~~	hacadpr13_c	2	2		0.143582952107977	0	NA	NA	0.143582952107977	0.00947303385515456	0.143582952107977
credit_dose_c	~~	tcare_c	2	2		-0.0447115870412226	0	NA	NA	-0.0447115870412226	-0.00434380490383666	-0.0447115870412226
credit_dose_c	~~	StemMaj_c	2	2		-0.0102075440762662	0	NA	NA	-0.0102075440762662	-0.0126207430653601	-0.0102075440762662
XZ_c	~~	XZ_c	2	2		2.58023105815686	0	NA	NA	2.58023105815686	1	2.58023105815686
XZ_c	~~	cohort	2	2		-0.00613604654766553	0	NA	NA	-0.00613604654766553	-0.00764342629107408	-0.00613604654766553
XZ_c	~~	hgrades_c	2	2		0.23940789879069	0	NA	NA	0.23940789879069	0.157138317656537	0.23940789879069
XZ_c	~~	bparented_c	2	2		-0.0216183329804904	0	NA	NA	-0.0216183329804904	-0.0137751783129341	-0.0216183329804904
XZ_c	~~	hapcl_c	2	2		0.0830070536881637	0	NA	NA	0.0830070536881637	0.112247146106477	0.0830070536881637
XZ_c	~~	hprecalc13_c	2	2		-0.00571904121615931	0	NA	NA	-0.00571904121615931	-0.00727103499243888	-0.00571904121615931
XZ_c	~~	hchallenge_c	2	2		0.0406837704036582	0	NA	NA	0.0406837704036582	0.021034090634279	0.0406837704036582
XZ_c	~~	cSFcareer_c	2	2		-0.012441324553044	0	NA	NA	-0.012441324553044	-0.00942563269327047	-0.012441324553044
XZ_c	~~	hacadpr13_c	2	2		0.0697140364157854	0	NA	NA	0.0697140364157854	0.00538217740287834	0.0697140364157854
XZ_c	~~	tcare_c	2	2		-0.0410826463987048	0	NA	NA	-0.0410826463987048	-0.00467046590285541	-0.0410826463987048
XZ_c	~~	StemMaj_c	2	2		-0.0113186182226802	0	NA	NA	-0.0113186182226802	-0.0163760306084936	-0.0113186182226802
cohort	~~	cohort	2	2		0.249771296850002	0	NA	NA	0.249771296850002	1	0.249771296850002
cohort	~~	hgrades_c	2	2		0.00535290993859765	0	NA	NA	0.00535290993859765	0.0112925389096608	0.00535290993859765
cohort	~~	bparented_c	2	2		0.00691650908318797	0	NA	NA	0.00691650908318797	0.0141651120388683	0.00691650908318797
cohort	~~	hapcl_c	2	2		-0.0120590373163214	0	NA	NA	-0.0120590373163214	-0.0524120302267068	-0.0120590373163214
cohort	~~	hprecalc13_c	2	2		0.0113926874948941	0	NA	NA	0.0113926874948941	0.0465540241839406	0.0113926874948941
cohort	~~	hchallenge_c	2	2		0.000916313867416814	0	NA	NA	0.000916313867416814	0.00152266666576098	0.000916313867416814
cohort	~~	cSFcareer_c	2	2		-0.00813572708728383	0	NA	NA	-0.00813572708728383	-0.0198106305501309	-0.00813572708728383
cohort	~~	hacadpr13_c	2	2		-0.0248566301147385	0	NA	NA	-0.0248566301147385	-0.00616791051365272	-0.0248566301147385
cohort	~~	tcare_c	2	2		0.0710770500940705	0	NA	NA	0.0710770500940705	0.0259710330057989	0.0710770500940705
cohort	~~	StemMaj_c	2	2		-0.00353707234545024	0	NA	NA	-0.00353707234545024	-0.0164481556695334	-0.00353707234545024
hgrades_c	~~	hgrades_c	2	2		0.899609748646009	0	NA	NA	0.899609748646009	1	0.899609748646009
hgrades_c	~~	bparented_c	2	2		-0.00727354579158839	0	NA	NA	-0.00727354579158839	-0.00784916443749304	-0.00727354579158839
hgrades_c	~~	hapcl_c	2	2		0.0308510872968639	0	NA	NA	0.0308510872968639	0.0706533902949176	0.0308510872968639
hgrades_c	~~	hprecalc13_c	2	2		0.0318407344516167	0	NA	NA	0.0318407344516167	0.0685580265403361	0.0318407344516167
hgrades_c	~~	hchallenge_c	2	2		-0.0186257548718765	0	NA	NA	-0.0186257548718765	-0.01630867401606	-0.0186257548718765
hgrades_c	~~	cSFcareer_c	2	2		0.00257837685752643	0	NA	NA	0.00257837685752643	0.00330820572927027	0.00257837685752643
hgrades_c	~~	hacadpr13_c	2	2		0.304871978683478	0	NA	NA	0.304871978683478	0.0398618556157485	0.304871978683478
hgrades_c	~~	tcare_c	2	2		-0.0766824064612932	0	NA	NA	-0.0766824064612932	-0.0147638542975769	-0.0766824064612932
hgrades_c	~~	StemMaj_c	2	2		0.0062479828179731	0	NA	NA	0.0062479828179731	0.0153093685897812	0.0062479828179731
bparented_c	~~	bparented_c	2	2		0.954533877532106	0	NA	NA	0.954533877532106	1	0.954533877532106
bparented_c	~~	hapcl_c	2	2		0.00832184198544422	0	NA	NA	0.00832184198544422	0.0185017752042403	0.00832184198544422
bparented_c	~~	hprecalc13_c	2	2		-0.0125901514898896	0	NA	NA	-0.0125901514898896	-0.0263170732927234	-0.0125901514898896
bparented_c	~~	hchallenge_c	2	2		0.0162793117524955	0	NA	NA	0.0162793117524955	0.0138379645031729	0.0162793117524955
bparented_c	~~	cSFcareer_c	2	2		0.0167995751199846	0	NA	NA	0.0167995751199846	0.0209254986651724	0.0167995751199846
bparented_c	~~	hacadpr13_c	2	2		-0.0213837568811411	0	NA	NA	-0.0213837568811411	-0.00271428479380851	-0.0213837568811411
bparented_c	~~	tcare_c	2	2		0.126671563661514	0	NA	NA	0.126671563661514	0.0236763391212113	0.126671563661514
bparented_c	~~	StemMaj_c	2	2		-0.00324400553270811	0	NA	NA	-0.00324400553270811	-0.00771667913187297	-0.00324400553270811
hapcl_c	~~	hapcl_c	2	2		0.211943832743128	0	NA	NA	0.211943832743128	1	0.211943832743128
hapcl_c	~~	hprecalc13_c	2	2		0.00860805475288507	0	NA	NA	0.00860805475288507	0.0381853641359183	0.00860805475288507
hapcl_c	~~	hchallenge_c	2	2		0.00205924734739997	0	NA	NA	0.00205924734739997	0.00371475322834383	0.00205924734739997
hapcl_c	~~	cSFcareer_c	2	2		-0.00900260812346115	0	NA	NA	-0.00900260812346115	-0.0237974895982533	-0.00900260812346115
hapcl_c	~~	hacadpr13_c	2	2		-0.034611485281431	0	NA	NA	-0.034611485281431	-0.00932345595503878	-0.034611485281431
hapcl_c	~~	tcare_c	2	2		-0.0601574517363467	0	NA	NA	-0.0601574517363467	-0.0238621808551876	-0.0601574517363467
hapcl_c	~~	StemMaj_c	2	2		-0.00595267340356938	0	NA	NA	-0.00595267340356938	-0.0300501187665633	-0.00595267340356938
hprecalc13_c	~~	hprecalc13_c	2	2		0.239770299036363	0	NA	NA	0.239770299036363	1	0.239770299036363
hprecalc13_c	~~	hchallenge_c	2	2		-0.0257140308751763	0	NA	NA	-0.0257140308751763	-0.0436118303513873	-0.0257140308751763
hprecalc13_c	~~	cSFcareer_c	2	2		0.0134673868522453	0	NA	NA	0.0134673868522453	0.0334702406154996	0.0134673868522453
hprecalc13_c	~~	hacadpr13_c	2	2		0.162232631103384	0	NA	NA	0.162232631103384	0.0410872995224311	0.162232631103384
hprecalc13_c	~~	tcare_c	2	2		-0.0254124485457759	0	NA	NA	-0.0254124485457759	-0.00947719711129456	-0.0254124485457759
hprecalc13_c	~~	StemMaj_c	2	2		-0.000151455318561189	0	NA	NA	-0.000151455318561189	-0.00071883856008585	-0.000151455318561189
hchallenge_c	~~	hchallenge_c	2	2		1.44989418842993	0	NA	NA	1.44989418842993	1	1.44989418842993
hchallenge_c	~~	cSFcareer_c	2	2		-0.00472281991893937	0	NA	NA	-0.00472281991893937	-0.00477316473358572	-0.00472281991893937
hchallenge_c	~~	hacadpr13_c	2	2		0.0417220884166137	0	NA	NA	0.0417220884166137	0.00429699613820771	0.0417220884166137
hchallenge_c	~~	tcare_c	2	2		0.201636617250839	0	NA	NA	0.201636617250839	0.0305796381368559	0.201636617250839
hchallenge_c	~~	StemMaj_c	2	2		0.00197451918450748	0	NA	NA	0.00197451918450748	0.00381098932636311	0.00197451918450748
cSFcareer_c	~~	cSFcareer_c	2	2		0.675232934768155	0	NA	NA	0.675232934768155	1	0.675232934768155
cSFcareer_c	~~	hacadpr13_c	2	2		0.130032244165041	0	NA	NA	0.130032244165041	0.0196241713915953	0.130032244165041
cSFcareer_c	~~	tcare_c	2	2		0.0245099360074581	0	NA	NA	0.0245099360074581	0.00544686313034678	0.0245099360074581
cSFcareer_c	~~	StemMaj_c	2	2		0.011382211480095	0	NA	NA	0.011382211480095	0.0321917340548973	0.011382211480095
hacadpr13_c	~~	hacadpr13_c	2	2		65.0228262409791	0	NA	NA	65.0228262409791	1	65.0228262409791
hacadpr13_c	~~	tcare_c	2	2		-1.65849685856552	0	NA	NA	-1.65849685856552	-0.0375588966407834	-1.65849685856552
hacadpr13_c	~~	StemMaj_c	2	2		0.0444141323852458	0	NA	NA	0.0444141323852458	0.0128006726280602	0.0444141323852458
tcare_c	~~	tcare_c	2	2		29.987330965097	0	NA	NA	29.987330965097	1	29.987330965097
tcare_c	~~	StemMaj_c	2	2		-0.0832468027546955	0	NA	NA	-0.0832468027546955	-0.0353299632285174	-0.0832468027546955
StemMaj_c	~~	StemMaj_c	2	2		0.185144553842149	0	NA	NA	0.185144553842149	1	0.185144553842149
sbvalued	~1		2	2		2.73755747969647	0.0336246948221277	81.4150877555309	0	2.73755747969647	3.49261186880224	3.49261186880224
sbmyself	~1		2	2		2.74831919903928	0.0334302256503425	82.2106086804448	0	2.74831919903928	3.44380352801457	3.44380352801457
sbcommunity	~1		2	2		2.7373122394969	0.0338827250734978	80.7878419920231	0	2.7373122394969	3.525961756877	3.525961756877
pganalyze	~1		2	2		2.97915361191872	0.019366312370024	153.831744267947	0	2.97915361191872	4.10723841558935	4.10723841558935
pgthink	~1		2	2		2.99402751025107	0.0182017052149816	164.49159432528	0	2.99402751025107	4.48651610691138	4.48651610691138
pgwork	~1		2	2		2.97838830715922	0.0187891662290483	158.516257233096	0	2.97838830715922	4.26957470158313	4.26957470158313
pgvalues	~1		2	2		2.97525840154857	0.0197369971805077	150.745241251133	0	2.97525840154857	4.03191741739974	4.03191741739974
pgprobsolve	~1		2	2		2.97992155403743	0.0184817182383235	161.23617488434	0	2.97992155403743	4.36520333419284	4.36520333419284
SEacademic	~1		2	2		2.78364265805523	0.0288151956434149	96.603288504528	0	2.78364265805523	3.81146263935636	3.81146263935636
SEwellness	~1		2	2		2.77961892005194	0.029902472102791	92.9561579556661	0	2.77961892005194	3.63611680449519	3.63611680449519
SEnonacad	~1		2	2		2.78663007751132	0.0294594852792413	94.5919472488181	0	2.78663007751132	3.55874608842019	3.55874608842019
SEactivities	~1		2	2		2.77119185952396	0.0289501467384428	95.7228951051951	0	2.77119185952396	3.48938071035843	3.48938071035843
SEdiverse	~1		2	2		2.76433031351349	0.0296602684135815	93.1997740198364	0	2.76433031351349	3.54780515433481	3.54780515433481
sameinst	~1		2	2		2.98460403170028	0.0270983975355499	110.139502816904	0	2.98460403170028	4.49103775507868	4.49103775507868
evalexp	~1		2	2		2.98687924384611	0.0263762132841406	113.241397150896	0	2.98687924384611	4.53613142470602	4.53613142470602
MHWdacad	~1		2	2		3.58620666725105	0.0595021284818088	60.2702249272887	0	3.58620666725105	3.15026433176079	3.15026433176079
MHWdlonely	~1		2	2		3.57955646579588	0.0601079177958634	59.5521621286676	0	3.57955646579588	3.1598422799894	3.1598422799894
MHWdmental	~1		2	2		3.59966790473782	0.0591886194493512	60.8168924740359	0	3.59966790473782	3.25779620170896	3.25779620170896
MHWdexhaust	~1		2	2		3.58425429796348	0.0599559471052314	59.7814640751582	0	3.58425429796348	3.20409374905188	3.20409374905188
MHWdsleep	~1		2	2		3.57972137450229	0.0600032340305196	59.6588072683137	0	3.57972137450229	3.15932664742312	3.15932664742312
MHWdfinancial	~1		2	2		3.58268744054239	0.0604232861201012	59.2931578302646	0	3.58268744054239	2.98027793306175	2.98027793306175
QIadmin	~1		2	2		4.85799563589284	0.0578799758400503	83.932233304965	0	4.85799563589284	4.43858184241628	4.43858184241628
QIstudent	~1		2	2		4.84061543642009	0.058076240044871	83.3493255190096	0	4.84061543642009	4.45220597678419	4.45220597678419
QIadvisor	~1		2	2		4.84425098576011	0.057721971933493	83.9238650984004	0	4.84425098576011	4.56242206680899	4.56242206680899
QIfaculty	~1		2	2		4.83636948609835	0.0581876139871019	83.1168208266865	0	4.83636948609835	4.59242760865045	4.59242760865045
QIstaff	~1		2	2		4.83008242755138	0.057386259737329	84.1679253824846	0	4.83008242755138	4.5605583395898	4.5605583395898
x_FASt	~1		2	2		0.527769476779544	0	NA	NA	0.527769476779544	1.05717067412983	0.527769476779544
credit_dose_c	~1		2	2		0.753883551602199	0	NA	NA	0.753883551602199	0.401072975651404	0.753883551602199
XZ_c	~1		2	2		1.10034926447685	0	NA	NA	1.10034926447685	0.685016856080515	1.10034926447685
cohort	~1		2	2		0.515122934569637	0	NA	NA	0.515122934569637	1.03071743365991	0.515122934569637
hgrades_c	~1		2	2		0.144965317993498	0	NA	NA	0.144965317993498	0.152840002466195	0.144965317993498
bparented_c	~1		2	2		0.00837963736651218	0	NA	NA	0.00837963736651218	0.00857688429591438	0.00837963736651218
hapcl_c	~1		2	2		0.0581201003258605	0	NA	NA	0.0581201003258605	0.126245516485319	0.0581201003258605
hprecalc13_c	~1		2	2		0.0552580158211388	0	NA	NA	0.0552580158211388	0.112848968554694	0.0552580158211388
hchallenge_c	~1		2	2		0.064420965344939	0	NA	NA	0.064420965344939	0.0535006518975495	0.064420965344939
cSFcareer_c	~1		2	2		-0.0159273409624142	0	NA	NA	-0.0159273409624142	-0.0193827979559023	-0.0159273409624142
hacadpr13_c	~1		2	2		0.695823070113808	0	NA	NA	0.695823070113808	0.0862910796066037	0.695823070113808
tcare_c	~1		2	2		-0.281573259103956	0	NA	NA	-0.281573259103956	-0.0514188668039508	-0.281573259103956
StemMaj_c	~1		2	2		-0.00286732448009716	0	NA	NA	-0.00286732448009716	-0.0066637910645654	-0.00286732448009716
Belong	~1		2	2		0	0	NA	NA	0	0	0
Gains	~1		2	2		0	0	NA	NA	0	0	0
SupportEnv	~1		2	2		0	0	NA	NA	0	0	0
Satisf	~1		2	2		0	0	NA	NA	0	0	0
DevAdj	~1		2	2		0	0	NA	NA	0	0	0
EmoDiss	~1		2	2		0	0	NA	NA	0	0	0
QualEngag	~1		2	2		0	0	NA	NA	0	0	0
W2__dir_z_low_g1	:=	W2__c_g1+W2__cz_g1*-1.51936806017	0	0	W2__dir_z_low_g1	0.063510606512158	0.0444622247737849	1.42841719763884	0.153171812063299	0.232286063787471	0.261237463809533	0.232286063787471
W2__dir_z_low_g2	:=	W2__c_g2+W2__cz_g2*-1.51936806017	0	0	W2__dir_z_low_g2	-0.00506749105375527	0.0446613977244264	-0.113464676699622	0.909662166101615	-0.0151706181490889	0.0221943653023201	-0.0151706181490889
W2__dir_z_mid_g1	:=	W2__c_g1+W2__cz_g1*0	0	0	W2__dir_z_mid_g1	0.0219045446246262	0.0325228266425976	0.673512941090309	0.500621018556725	0.0801144994409303	0.0399684549134564	0.0801144994409303
W2__dir_z_mid_g2	:=	W2__c_g2+W2__cz_g2*0	0	0	W2__dir_z_mid_g2	-0.0140492064320642	0.0345364181801633	-0.406793963368605	0.684159320791691	-0.0420593038680601	-0.0209971931111586	-0.0420593038680601
W2__dir_z_high_g1	:=	W2__c_g1+W2__cz_g1*1.51936806017	0	0	W2__dir_z_high_g1	-0.0197015172629056	0.0606249390499026	-0.324973807341705	0.745200895420505	-0.0720570649056107	-0.18130055398262	-0.0720570649056107
W2__dir_z_high_g2	:=	W2__c_g2+W2__cz_g2*1.51936806017	0	0	W2__dir_z_high_g2	-0.023030921810373	0.066360706135223	-0.347056611535191	0.728548788882697	-0.0689479895870313	-0.0641887515246373	-0.0689479895870313
W2__a1_z_low_g1	:=	W2__a1_g1+W2__a1z_g1*-1.51936806017	0	0	W2__a1_z_low_g1	0.105527010239914	0.120892117623627	0.872902322452911	0.382716320302839	0.1070473791429	0.0729249546869044	0.1070473791429
W2__a1_z_low_g2	:=	W2__a1_g2+W2__a1z_g2*-1.51936806017	0	0	W2__a1_z_low_g2	0.0109867064136362	0.112431222620249	0.0977193537309939	0.922155147053326	0.0105481137867454	-0.236818726566201	0.0105481137867454
W2__a1_z_mid_g1	:=	W2__a1_g1+W2__a1z_g1*0	0	0	W2__a1_z_mid_g1	0.08538150046899	0.0887358157993158	0.962198856232844	0.335949723571666	0.0866116251347813	0.0432098166791029	0.0866116251347813
W2__a1_z_mid_g2	:=	W2__a1_g2+W2__a1z_g2*0	0	0	W2__a1_z_mid_g2	0.238748229756542	0.0837797972536173	2.84971123806621	0.00437589373028335	0.22921732856449	0.114431768233507	0.22921732856449
W2__a1_z_high_g1	:=	W2__a1_g1+W2__a1z_g1*1.51936806017	0	0	W2__a1_z_high_g1	0.0652359906980656	0.156224076631158	0.417579620919037	0.676254499250869	0.0661758711266623	0.0134946786713015	0.0661758711266623
W2__a1_z_high_g2	:=	W2__a1_g2+W2__a1z_g2*1.51936806017	0	0	W2__a1_z_high_g2	0.466509753099448	0.159082948238954	2.93249376041684	0.00336251679155808	0.447886543342234	0.465682263033215	0.447886543342234
W2__a2_z_low_g1	:=	W2__a2_g1+W2__a2z_g1*-1.51936806017	0	0	W2__a2_z_low_g1	-0.0398655458008479	0.121894359987449	-0.327049961991291	0.743630096951722	-0.0399888716064092	0.155928729869345	-0.0399888716064092
W2__a2_z_low_g2	:=	W2__a2_g2+W2__a2z_g2*-1.51936806017	0	0	W2__a2_z_low_g2	0.0409086916359521	0.104482249378523	0.391537240816344	0.695400167079257	0.0421496540474846	-0.0910086226570613	0.0421496540474846
W2__a2_z_mid_g1	:=	W2__a2_g1+W2__a2z_g1*0	0	0	W2__a2_z_mid_g1	-0.223428484499314	0.0918426107599663	-2.43273228679498	0.0149853760666174	-0.224119670265937	-0.111811432371833	-0.224119670265937
W2__a2_z_mid_g2	:=	W2__a2_g2+W2__a2z_g2*0	0	0	W2__a2_z_mid_g2	0.139141692589673	0.0786995179694912	1.76801200540534	0.0770588966555692	0.143362546483447	0.0715706347129143	0.143362546483447
W2__a2_z_high_g1	:=	W2__a2_g1+W2__a2z_g1*1.51936806017	0	0	W2__a2_z_high_g1	-0.40699142319778	0.167040290349105	-2.43648656469161	0.0148307203823261	-0.408250468925466	-0.379551594613011	-0.408250468925466
W2__a2_z_high_g2	:=	W2__a2_g2+W2__a2z_g2*1.51936806017	0	0	W2__a2_z_high_g2	0.237374693543395	0.156591068587368	1.51588909689925	0.129547397720468	0.244575438919409	0.23414989208289	0.244575438919409
W2__ind_EmoDiss_z_low_g1	:=	W2__a1_z_low_g1*W2__b1_g1	0	0	W2__ind_EmoDiss_z_low_g1	-0.0180015447928073	0.0207239544431237	-0.86863464413667	0.38504699908428	-0.0658395221153271	-0.0448525148893018	-0.0658395221153271
W2__ind_EmoDiss_z_low_g2	:=	W2__a1_z_low_g2*W2__b1_g2	0	0	W2__ind_EmoDiss_z_low_g2	-0.0024989697950148	0.0255704209999169	-0.0977289265211127	0.92214754545634	-0.00748120048444536	0.167962576791603	-0.00748120048444536
W2__ind_EmoDiss_z_mid_g1	:=	W2__a1_z_mid_g1*W2__b1_g1	0	0	W2__ind_EmoDiss_z_mid_g1	-0.014564981057222	0.0152321400211378	-0.956200575691271	0.338970909155331	-0.0532705055851343	-0.0265762104931619	-0.0532705055851343
W2__ind_EmoDiss_z_mid_g2	:=	W2__a1_z_mid_g2*W2__b1_g2	0	0	W2__ind_EmoDiss_z_mid_g2	-0.0543042284295817	0.0193246294772717	-2.81010450903861	0.00495254152442093	-0.162571320727953	-0.081160197666828	-0.162571320727953
W2__ind_EmoDiss_z_high_g1	:=	W2__a1_z_high_g1*W2__b1_g1	0	0	W2__ind_EmoDiss_z_high_g1	-0.0111284173216367	0.0266838761770002	-0.417046505830688	0.676644391675817	-0.0407014890549415	-0.00829990609702204	-0.0407014890549415
W2__ind_EmoDiss_z_high_g2	:=	W2__a1_z_high_g2*W2__b1_g2	0	0	W2__ind_EmoDiss_z_high_g2	-0.106109487064149	0.0368104576420977	-2.88259081416032	0.00394419424969894	-0.317661440971461	-0.330282972125259	-0.317661440971461
W2__ind_QualEngag_z_low_g1	:=	W2__a2_z_low_g1*W2__b2_g1	0	0	W2__ind_QualEngag_z_low_g1	-0.00588854161088871	0.0179830905515067	-0.327448810538038	0.743328453914059	-0.0215369719698745	0.0839791809468307	-0.0215369719698745
W2__ind_QualEngag_z_low_g2	:=	W2__a2_z_low_g2*W2__b2_g2	0	0	W2__ind_QualEngag_z_low_g2	0.00690359539357598	0.0176219533574066	0.391761075151999	0.695234758224036	0.0206673891400634	-0.0446245802500704	0.0206673891400634
W2__ind_QualEngag_z_mid_g1	:=	W2__a2_z_mid_g1*W2__b2_g1	0	0	W2__ind_QualEngag_z_mid_g1	-0.0330026317613851	0.0137079219484221	-2.40755906588627	0.0160595641504544	-0.12070505774515	-0.0602187455701483	-0.12070505774515
W2__ind_QualEngag_z_mid_g2	:=	W2__a2_z_mid_g2*W2__b2_g2	0	0	W2__ind_QualEngag_z_mid_g2	0.0234810234598714	0.0133315706526815	1.76130960646775	0.0781860149989491	0.0702954651287501	0.0350934827827231	0.0702954651287501
W2__ind_QualEngag_z_high_g1	:=	W2__a2_z_high_g1*W2__b2_g1	0	0	W2__ind_QualEngag_z_high_g1	-0.0601167219118815	0.0251184166660387	-2.39333245845715	0.0166961047050151	-0.219873143520425	-0.204416672087127	-0.219873143520425
W2__ind_QualEngag_z_high_g2	:=	W2__a2_z_high_g2*W2__b2_g2	0	0	W2__ind_QualEngag_z_high_g2	0.0400584515261668	0.0265512368318915	1.50872261732272	0.131369683141901	0.119923541117437	0.114811545815517	0.119923541117437
W2__total_z_low_g1	:=	W2__dir_z_low_g1+W2__ind_EmoDiss_z_low_g1+W2__ind_QualEngag_z_low_g1	0	0	W2__total_z_low_g1	0.0396205201084619	0.0527683201508805	0.750839139756107	0.452749471032608	0.14490956970227	0.300364129867061	0.14490956970227
W2__total_z_low_g2	:=	W2__dir_z_low_g2+W2__ind_EmoDiss_z_low_g2+W2__ind_QualEngag_z_low_g2	0	0	W2__total_z_low_g2	-0.000662865455194085	0.0535297276385747	-0.0123831277392192	0.990119946067368	-0.00198442949347081	0.145532361843853	-0.00198442949347081
W2__total_z_mid_g1	:=	W2__dir_z_mid_g1+W2__ind_EmoDiss_z_mid_g1+W2__ind_QualEngag_z_mid_g1	0	0	W2__total_z_mid_g1	-0.0256630681939809	0.0392803155839024	-0.653331517644375	0.513542577713031	-0.0938610638893539	-0.0468265011498539	-0.0938610638893539
W2__total_z_mid_g2	:=	W2__dir_z_mid_g2+W2__ind_EmoDiss_z_mid_g2+W2__ind_QualEngag_z_mid_g2	0	0	W2__total_z_mid_g2	-0.0448724114017745	0.0422033125644484	-1.06324382317739	0.287671393607278	-0.134335159467263	-0.0670639079952635	-0.134335159467263
W2__total_z_high_g1	:=	W2__dir_z_high_g1+W2__ind_EmoDiss_z_high_g1+W2__ind_QualEngag_z_high_g1	0	0	W2__total_z_high_g1	-0.0909466564964238	0.0707891202505618	-1.28475472183456	0.198878009216233	-0.332631697480977	-0.394017132166769	-0.332631697480977
W2__total_z_high_g2	:=	W2__dir_z_high_g2+W2__ind_EmoDiss_z_high_g2+W2__ind_QualEngag_z_high_g2	0	0	W2__total_z_high_g2	-0.0890819573483548	0.0829509088182557	-1.0739117704368	0.282862227375072	-0.266685889441055	-0.27966017783438	-0.266685889441055
W2__index_MM_EmoDiss_g1	:=	W2__a1z_g1*W2__b1_g1	0	0	W2__index_MM_EmoDiss_g1	0.0022618375531738	0.0121134753720054	0.186720778613294	0.851879563638309	0.00827252912555403	0.0120288854789372	0.00827252912555403
W2__index_MM_EmoDiss_g2	:=	W2__a1z_g2*W2__b1_g2	0	0	W2__index_MM_EmoDiss_g2	-0.0340965826468476	0.0165328279693884	-2.06235634399509	0.0391738223850604	-0.102075411685405	-0.163964730462056	-0.102075411685405
W2__index_MM_QualEngag_g1	:=	W2__a2z_g1*W2__b2_g1	0	0	W2__index_MM_QualEngag_g1	-0.0178456365256636	0.0111938183014488	-1.5942403248902	0.110882217829059	-0.0652692973973532	-0.0949065142917674	-0.0652692973973532
W2__index_MM_QualEngag_g2	:=	W2__a2z_g2*W2__b2_g2	0	0	W2__index_MM_QualEngag_g2	0.0109107388136358	0.0119565832800172	0.912529822116552	0.361489878063973	0.0326636298930319	0.0524679076272499	0.0326636298930319
W2__diff_ind_EmoDiss_z_low_g2	:=	W2__ind_EmoDiss_z_low_g2-W2__ind_EmoDiss_z_low_g1	0	0	W2__diff_ind_EmoDiss_z_low_g2	0.0155025749977925	0.0329139593162789	0.471003043080422	0.637638561796754	0.0583583216308818	0.212815091680905	0.0583583216308818
W2__diff_ind_EmoDiss_z_mid_g2	:=	W2__ind_EmoDiss_z_mid_g2-W2__ind_EmoDiss_z_mid_g1	0	0	W2__diff_ind_EmoDiss_z_mid_g2	-0.0397392473723597	0.0246060844926084	-1.6150171062079	0.106306990462715	-0.109300815142819	-0.054583987173666	-0.109300815142819
W2__diff_ind_EmoDiss_z_high_g2	:=	W2__ind_EmoDiss_z_high_g2-W2__ind_EmoDiss_z_high_g1	0	0	W2__diff_ind_EmoDiss_z_high_g2	-0.0949810697425119	0.0454647010289318	-2.08911677835669	0.036697212363737	-0.276959951916519	-0.321983066028237	-0.276959951916519
W2__diff_ind_QualEngag_z_low_g2	:=	W2__ind_QualEngag_z_low_g2-W2__ind_QualEngag_z_low_g1	0	0	W2__diff_ind_QualEngag_z_low_g2	0.0127921370044647	0.0251778630132564	0.508070800040874	0.611403692227422	0.0422043611099379	-0.128603761196901	0.0422043611099379
W2__diff_ind_QualEngag_z_mid_g2	:=	W2__ind_QualEngag_z_mid_g2-W2__ind_QualEngag_z_mid_g1	0	0	W2__diff_ind_QualEngag_z_mid_g2	0.0564836552212565	0.0191216604982798	2.95390953240373	0.00313775974185915	0.1910005228739	0.0953122283528714	0.1910005228739
W2__diff_ind_QualEngag_z_high_g2	:=	W2__ind_QualEngag_z_high_g2-W2__ind_QualEngag_z_high_g1	0	0	W2__diff_ind_QualEngag_z_high_g2	0.100175173438048	0.0365500072929122	2.74077027222576	0.00612953471094313	0.339796684637862	0.319228217902644	0.339796684637862
W2__diff_total_z_low_g2	:=	W2__total_z_low_g2-W2__total_z_low_g1	0	0	W2__diff_total_z_low_g2	-0.040283385563656	0.0751659986470332	-0.535925635110896	0.59200994666128	-0.14689399919574	-0.154831768023209	-0.14689399919574
W2__diff_total_z_mid_g2	:=	W2__total_z_mid_g2-W2__total_z_mid_g1	0	0	W2__diff_total_z_mid_g2	-0.0192093432077935	0.0576546857053569	-0.333179219915663	0.738999002988837	-0.0404740955779091	-0.0202374068454097	-0.0404740955779091
W2__diff_total_z_high_g2	:=	W2__total_z_high_g2-W2__total_z_high_g1	0	0	W2__diff_total_z_high_g2	0.0018646991480689	0.109050230717881	0.0170994516544672	0.986357276365441	0.0659458080399221	0.114356954332389	0.0659458080399221
W2__diff_index_MM_EmoDiss_g2	:=	W2__index_MM_EmoDiss_g2-W2__index_MM_EmoDiss_g1	0	0	W2__diff_index_MM_EmoDiss_g2	-0.0363584202000214	0.0204956260273643	-1.77395997328787	0.0760697713555767	-0.110347940810959	-0.175993615940993	-0.110347940810959
W2__diff_index_MM_QualEngag_g2	:=	W2__index_MM_QualEngag_g2-W2__index_MM_QualEngag_g1	0	0	W2__diff_index_MM_QualEngag_g2	0.0287563753392994	0.0163786889554029	1.7557189966547	0.0791364015027982	0.0979329272903851	0.147374421919017	0.0979329272903851
