lhs	op	rhs	block	group	label	est	se	z	pvalue	ci.lower	ci.upper	std.lv	std.all
Belong	=~	sbvalued	1	1		1	0	NA	NA	1	1	0.614899109904017	0.850649949404078
Belong	=~	sbmyself	1	1	.p2.	0.973112228519891	0.01581627806067	61.5259939656542	0	0.942112893151507	1.00411156388828	0.598365843153596	0.81406861675244
Belong	=~	sbcommunity	1	1	.p3.	1.01141124691229	0.015165210198777	66.6928604124368	0	0.981687981104712	1.04113451271988	0.621915875473282	0.863522318019325
Gains	=~	pganalyze	1	1		1	0	NA	NA	1	1	0.489102507514336	0.705441548351437
Gains	=~	pgthink	1	1	.p5.	1.00610021830437	0.0227934729212787	44.1398387064189	0	0.961425832296074	1.05077460431266	0.492086139583388	0.769572222822532
Gains	=~	pgwork	1	1	.p6.	0.992684723834519	0.0224709585007313	44.1763409336639	0	0.948642454474991	1.03672699319405	0.48552458759864	0.72728663466679
Gains	=~	pgvalues	1	1	.p7.	0.988367264523092	0.0243095624607837	40.657550546931	0	0.940721397620029	1.03601313142615	0.48341290742333	0.685984412667645
Gains	=~	pgprobsolve	1	1	.p8.	0.985502992797268	0.022850740240596	43.1278366661598	0	0.94071636490562	1.03028962068892	0.482011984940027	0.746474876967927
SupportEnv	=~	SEacademic	1	1		1	0	NA	NA	1	1	0.555353258925551	0.799597599949901
SupportEnv	=~	SEwellness	1	1	.p10.	1.02345071477621	0.0187493691480155	54.5858746871244	0	0.986702626513255	1.06019880303917	0.568376689800653	0.79229299842006
SupportEnv	=~	SEnonacad	1	1	.p11.	1.00929530038697	0.0191437552380667	52.7219078929728	0	0.971774229591506	1.04681637118243	0.560515434288145	0.74390857849327
SupportEnv	=~	SEactivities	1	1	.p12.	0.974750814787432	0.0198236697201618	49.1710580607613	0	0.935897136094498	1.01360449348037	0.541331041632536	0.720030182651166
SupportEnv	=~	SEdiverse	1	1	.p13.	1.00494847024624	0.0190797544918569	52.670932986855	0	0.967552838608334	1.04234410188415	0.558101408003496	0.755500769779603
Satisf	=~	sameinst	1	1		1	0	NA	NA	1	1	0.522495090544822	0.853996668252455
Satisf	=~	evalexp	1	1	.p15.	0.966655600801587	0.03698522253514	26.1362656364486	0	0.894165896672513	1.03914530493066	0.505072805666484	0.81428737227331
DevAdj	=~	Belong	1	1		1	0	NA	NA	1	1	0.370688839408968	0.370688839408968
DevAdj	=~	Gains	1	1	.p17.	0.396531954558001	0.0489818845703453	8.09548178956899	6.66133814775094e-16	0.300529224905226	0.492534684210776	0.184795621252722	0.184795621252722
DevAdj	=~	SupportEnv	1	1	.p18.	0.853978979806841	0.0596055503523587	14.3271721300875	0	0.73715424783753	0.970803711776153	0.350502589749475	0.350502589749475
DevAdj	=~	Satisf	1	1	.p19.	0.927199281037527	0.0626657676649031	14.795945467318	0	0.804376633350762	1.05002192872429	0.404486700962008	0.404486700962008
EmoDiss	=~	MHWdacad	1	1		1	0	NA	NA	1	1	0.82593138922206	0.875416507949366
EmoDiss	=~	MHWdlonely	1	1	.p21.	1.00004397656965	0.0110673556446189	90.3597940358845	0	0.9783523581021	1.0217355950372	0.825967710851323	0.894966247661036
EmoDiss	=~	MHWdmental	1	1	.p22.	0.991975621056981	0.0103331302175051	95.9995277497329	0	0.971723057983109	1.01222818413085	0.819303802774008	0.918480341935089
EmoDiss	=~	MHWdexhaust	1	1	.p23.	1.00234365515188	0.0106052754900926	94.5136838819759	0	0.981557697145175	1.02312961315859	0.827867087577511	0.910163028161656
EmoDiss	=~	MHWdsleep	1	1	.p24.	0.998374155965335	0.0113182989693791	88.2088517600009	0	0.976190697619095	1.02055761431157	0.824588553599851	0.878681881014564
EmoDiss	=~	MHWdfinancial	1	1	.p25.	1.00374898726705	0.0132682388057079	75.6505065943831	0	0.97774371706959	1.02975425746452	0.829027795483714	0.820120321637899
QualEngag	=~	QIadmin	1	1		1	0	NA	NA	1	1	0.903182380768467	0.871983196268083
QualEngag	=~	QIstudent	1	1	.p27.	0.99032018216719	0.0120730828420316	82.0271172760831	0	0.96665737461444	1.01398298971994	0.894439739852825	0.878063623854296
QualEngag	=~	QIadvisor	1	1	.p28.	0.997201761677431	0.011294302648754	88.292459719719	0	0.975065335255378	1.01933818809948	0.900655061218332	0.901830615914063
QualEngag	=~	QIfaculty	1	1	.p29.	0.999588561434487	0.0109600749390071	91.2027122987027	0	0.978107209286173	1.0210699135828	0.902810776705327	0.923282525527858
QualEngag	=~	QIstaff	1	1	.p30.	0.989293288828069	0.0113586318734262	87.0961661450216	0	0.967030779442505	1.01155579821363	0.893512267882002	0.892994424958272
sbvalued	~~	sbvalued	1	1		0.144422753730442	0.00995580301809752	14.5063892352944	0	0.124909738377795	0.163935769083088	0.144422753730442	0.27639466357884
sbmyself	~~	sbmyself	1	1		0.182229202403454	0.0109058826358083	16.7092576079193	0	0.160854065217649	0.203604339589259	0.182229202403454	0.337292287218769
sbcommunity	~~	sbcommunity	1	1		0.131920530465838	0.00969527758947675	13.6066790505332	0	0.112918135570345	0.15092292536133	0.131920530465838	0.254329206282531
pganalyze	~~	pganalyze	1	1		0.2414827076315	0.0111800191489537	21.5994896264645	0	0.219570272753082	0.263395142509917	0.2414827076315	0.502352221859527
pgthink	~~	pgthink	1	1		0.16671958501205	0.00923912904175539	18.0449460396728	0	0.148611224841691	0.184827945182408	0.16671958501205	0.407758593859987
pgwork	~~	pgwork	1	1		0.20993366034701	0.0110441715744126	19.0085475341029	0	0.18828748182208	0.23157983887194	0.20993366034701	0.471054151035055
pgvalues	~~	pgvalues	1	1		0.262913417753373	0.0133835461325261	19.6445258341819	0	0.236682149348192	0.289144686158555	0.262913417753373	0.529425385577025
pgprobsolve	~~	pgprobsolve	1	1		0.184615698063313	0.00927822651854329	19.8977355957351	0	0.166430708246563	0.202800687880062	0.184615698063313	0.442775258055718
SEacademic	~~	SEacademic	1	1		0.173969858172149	0.00930004868676381	18.7063384323729	0	0.155742097691623	0.192197618652675	0.173969858172149	0.360643678154357
SEwellness	~~	SEwellness	1	1		0.191584789128441	0.00984241461353761	19.4652223718485	0	0.172294010964996	0.210875567291885	0.191584789128441	0.37227180465455
SEnonacad	~~	SEnonacad	1	1		0.253544831942186	0.0115905313594476	21.8751689701886	0	0.230827807915987	0.276261855968386	0.253544831942186	0.446600026844123
SEactivities	~~	SEactivities	1	1		0.272189734153401	0.0130658041699361	20.832222082411	0	0.246581228551273	0.297798239755529	0.272189734153401	0.481556536071329
SEdiverse	~~	SEdiverse	1	1		0.23422590970156	0.0126788911545346	18.473690391907	0	0.209375739674769	0.259076079728352	0.23422590970156	0.429218586862427
sameinst	~~	sameinst	1	1		0.101326674890505	0.0128383908275077	7.89247470745334	2.88657986402541e-15	0.0761638912491408	0.12648945853187	0.101326674890505	0.270689690613706
evalexp	~~	evalexp	1	1		0.12962837725483	0.0126603996506308	10.2388850930445	0	0.10481444990971	0.15444230459995	0.12962837725483	0.336936075356227
MHWdacad	~~	MHWdacad	1	1		0.207977672528245	0.0111853902871465	18.5936893741865	0	0.186054710412414	0.229900634644077	0.207977672528245	0.233645937609738
MHWdlonely	~~	MHWdlonely	1	1		0.169528682215411	0.00957682727309809	17.7019671944619	0	0.150758445673977	0.188298918756844	0.169528682215411	0.199035415547525
MHWdmental	~~	MHWdmental	1	1		0.12444283970013	0.007526513912834	16.5339280763081	0	0.109691143501835	0.139194535898424	0.12444283970013	0.156393861478802
MHWdexhaust	~~	MHWdexhaust	1	1		0.14197386126991	0.00847487733271847	16.7523204992949	0	0.125363406924387	0.158584315615433	0.14197386126991	0.171603262167604
MHWdsleep	~~	MHWdsleep	1	1		0.200719781975885	0.0105299109988378	19.061868803833	0	0.180081535657751	0.221358028294019	0.200719781975885	0.227918151976708
MHWdfinancial	~~	MHWdfinancial	1	1		0.334553238094056	0.0146420750893237	22.848758529998	0	0.30585529826005	0.363251177928061	0.334553238094056	0.327402658036549
QIadmin	~~	QIadmin	1	1		0.257100906339643	0.0139367652612336	18.4476743003481	0	0.229785348366636	0.28441646431265	0.257100906339643	0.239645305426097
QIstudent	~~	QIstudent	1	1		0.237625906562005	0.0131628250569018	18.0528044348206	0	0.211827243515676	0.263424569608334	0.237625906562005	0.229004272463861
QIadvisor	~~	QIadvisor	1	1		0.186215118866702	0.0105305274056687	17.6833611169807	0	0.165575664413379	0.206854573320024	0.186215118866702	0.186701540200063
QIfaculty	~~	QIfaculty	1	1		0.141078755620302	0.00849497169734336	16.6073249737162	0	0.124428917043822	0.157728594196782	0.141078755620302	0.1475493780549
QIstaff	~~	QIstaff	1	1		0.202795953247035	0.0115038724420836	17.6284946019711	0	0.180248777577809	0.225343128916262	0.202795953247035	0.202560956993445
Belong	~~	Belong	1	1		0.326145987038893	0.0170618794993027	19.1154782831646	0	0.292705317711698	0.359586656366089	0.862589784337632	0.862589784337632
Gains	~~	Gains	1	1		0.231051995087653	0.0127910125411905	18.0636204009342	0	0.20598207118112	0.256121918994187	0.965850578365821	0.965850578365821
SupportEnv	~~	SupportEnv	1	1		0.270527546983578	0.0152046731120102	17.7923948111642	0	0.240726935287334	0.300328158679823	0.877147934578911	0.877147934578911
Satisf	~~	Satisf	1	1		0.228335545346498	0.0172384246468045	13.2457315575426	0	0.194548853888553	0.262122236804442	0.836390508744871	0.836390508744871
DevAdj	~~	DevAdj	1	1		0.0519549283218597	0.00904383579821462	5.74478899010045	9.20356835187874e-09	0.034229335875265	0.0696805207684544	1	1
EmoDiss	~~	EmoDiss	1	1		0.682162659702282	0.0318061608264406	21.4475007978705	0	0.61982372999597	0.744501589408594	1	1
QualEngag	~~	QualEngag	1	1		0.815738412930596	0.0368924412928004	22.1112613951571	0	0.74343055669495	0.888046269166243	1	1
DevAdj	~~	EmoDiss	1	1		-0.12231248122912	0.0127445432025326	-9.59724325033587	0	-0.147291326905499	-0.0973336355527413	-0.649700842180194	-0.649700842180194
DevAdj	~~	QualEngag	1	1		0.119097021173682	0.0130162685711004	9.14985892639845	0	0.0935856035612249	0.14460843878614	0.57851159431386	0.57851159431386
EmoDiss	~~	QualEngag	1	1		-0.0704025383992934	0.0233007176970124	-3.02147510281712	0.00251546325976371	-0.116071105899373	-0.024733970899214	-0.0943775914277923	-0.0943775914277923
sbvalued	~1		1	1		3.02087736412287	0.0210776101824704	143.321626027378	0	2.97956600728505	3.06218872096069	3.02087736412287	4.17907447832891
sbmyself	~1		1	1		3.02890622291102	0.0218247237199096	138.783256172352	0	2.98613055044746	3.07168189537458	3.02890622291102	4.12078584927698
sbcommunity	~1		1	1		3.02843648180094	0.0214775390980867	141.00481754312	0	2.98634127869214	3.07053168490974	3.02843648180094	4.20494570708444
pganalyze	~1		1	1		3.10935187802823	0.0204377799385489	152.137457560325	0	3.06929456542472	3.14940919063174	3.10935187802823	4.48467544023252
pgthink	~1		1	1		3.11926782857354	0.0193506949711575	161.196682249545	0	3.08134116335425	3.15719449379283	3.11926782857354	4.87821477444269
pgwork	~1		1	1		3.10405125679577	0.0204785193549142	151.575961279197	0	3.06391409640343	3.14418841718811	3.10405125679577	4.64968211713804
pgvalues	~1		1	1		3.10704137823719	0.0210869793468665	147.344070818701	0	3.06571165817459	3.14837109829979	3.10704137823719	4.4090298836759
pgprobsolve	~1		1	1		3.1072368481867	0.0193881559972032	160.264691940529	0	3.06923676070554	3.14523693566786	3.1072368481867	4.81206757597317
SEacademic	~1		1	1		3.02406765557514	0.0207793733443129	145.532187398847	0	2.98334083219897	3.0647944789513	3.02406765557514	4.35405248933303
SEwellness	~1		1	1		3.01188591450854	0.0215214270385656	139.948243632328	0	2.96970469261705	3.05406713640004	3.01188591450854	4.19844121852017
SEnonacad	~1		1	1		3.04833037912613	0.0221782692756367	137.446720537152	0	3.00486177010646	3.09179898814581	3.04833037912613	4.04570325881129
SEactivities	~1		1	1		3.01373399682274	0.0231029153100794	130.448212114075	0	2.9684531148771	3.05901487876837	3.01373399682274	4.00859967987448
SEdiverse	~1		1	1		3.03446262508577	0.0226539009783551	133.948790011269	0	2.99006179505886	3.07886345511268	3.03446262508577	4.107746040851
sameinst	~1		1	1		3.14435370547207	0.0185000389768096	169.964707069732	0	3.10809429536494	3.1806131155792	3.14435370547207	5.13931640100273
evalexp	~1		1	1		3.14926862761005	0.0188675042370516	166.914955366783	0	3.11228899882728	3.18624825639283	3.14926862761005	5.07730696760721
MHWdacad	~1		1	1		3.26557259866018	0.0287746382752325	113.487876630268	0	3.20917534397255	3.3219698533478	3.26557259866018	3.46122716496688
MHWdlonely	~1		1	1		3.2392691738821	0.0274648900578816	117.942186080316	0	3.1854389785293	3.2930993692349	3.2392691738821	3.50986671709636
MHWdmental	~1		1	1		3.24067683339144	0.0277724056918769	116.686932682224	0	3.18624391847133	3.29510974831155	3.24067683339144	3.63296002771698
MHWdexhaust	~1		1	1		3.25423598437678	0.0278530464559323	116.83590839966	0	3.19964501646343	3.30882695229013	3.25423598437678	3.57773043805861
MHWdsleep	~1		1	1		3.26408969355757	0.0282190952436606	115.669537431071	0	3.20878128320369	3.31939810391145	3.26408969355757	3.47821523742278
MHWdfinancial	~1		1	1		3.27385644834513	0.0313032182767528	104.585299166394	0	3.2125032679225	3.33520962876776	3.27385644834513	3.23868055816696
QIadmin	~1		1	1		5.28413327304944	0.0316205677614659	167.110638648585	0	5.22215809906626	5.34610844703262	5.28413327304944	5.10160020728014
QIstudent	~1		1	1		5.26995886309824	0.0305672020726404	172.405667047138	0	5.2100482479277	5.32986947826877	5.26995886309824	5.17347225387874
QIadvisor	~1		1	1		5.27956705203696	0.0309226960000765	170.734371027154	0	5.21895968157192	5.34017442250199	5.27956705203696	5.28645805849069
QIfaculty	~1		1	1		5.2835443515621	0.0295294833163716	178.924375172959	0	5.22566762777994	5.34142107534427	5.2835443515621	5.4033517305265
QIstaff	~1		1	1		5.27659871542977	0.0296218583069817	178.131927468781	0	5.21854093999294	5.3346564908666	5.27659871542977	5.2735406160568
Belong	~1		1	1		0	0	NA	NA	0	0	0	0
Gains	~1		1	1		0	0	NA	NA	0	0	0	0
SupportEnv	~1		1	1		0	0	NA	NA	0	0	0	0
Satisf	~1		1	1		0	0	NA	NA	0	0	0	0
DevAdj	~1		1	1		0	0	NA	NA	0	0	0	0
EmoDiss	~1		1	1		0	0	NA	NA	0	0	0	0
QualEngag	~1		1	1		0	0	NA	NA	0	0	0	0
Belong	=~	sbvalued	2	2		1	0	NA	NA	1	1	0.656332849148546	0.855492755837834
Belong	=~	sbmyself	2	2	.p2.	0.973112228519891	0.01581627806067	61.5259939656543	0	0.942112893151507	1.00411156388828	0.638685521485751	0.837307343495372
Belong	=~	sbcommunity	2	2	.p3.	1.01141124691229	0.0151652101987769	66.6928604124369	0	0.981687981104712	1.04113451271988	0.66382242534683	0.876180228929745
Gains	=~	pganalyze	2	2		1	0	NA	NA	1	1	0.517248466916797	0.724690447638001
Gains	=~	pgthink	2	2	.p5.	1.00610021830437	0.0227934729212787	44.139838706419	0	0.961425832296075	1.05077460431267	0.52040379548259	0.794353014298987
Gains	=~	pgwork	2	2	.p6.	0.992684723834519	0.0224709585007313	44.1763409336639	0	0.948642454474991	1.03672699319405	0.513464651535129	0.740162966139118
Gains	=~	pgvalues	2	2	.p7.	0.988367264523092	0.0243095624607837	40.657550546931	0	0.940721397620029	1.03601313142615	0.511231452325317	0.700136283039355
Gains	=~	pgprobsolve	2	2	.p8.	0.985502992797269	0.022850740240596	43.1278366661598	0	0.94071636490562	1.03028962068892	0.509749912166302	0.749136657274085
SupportEnv	=~	SEacademic	2	2		1	0	NA	NA	1	1	0.58518395812502	0.818997796824314
SupportEnv	=~	SEwellness	2	2	.p10.	1.02345071477621	0.0187493691480155	54.5858746871244	0	0.986702626513255	1.06019880303917	0.598906940218625	0.8024090109543
SupportEnv	=~	SEnonacad	2	2	.p11.	1.00929530038697	0.0191437552380667	52.7219078929728	0	0.971774229591506	1.04681637118243	0.590623418797427	0.774447886024022
SupportEnv	=~	SEactivities	2	2	.p12.	0.974750814787432	0.0198236697201618	49.1710580607613	0	0.935897136094498	1.01360449348037	0.570408539982898	0.724785881768502
SupportEnv	=~	SEdiverse	2	2	.p13.	1.00494847024624	0.0190797544918569	52.670932986855	0	0.967552838608335	1.04234410188415	0.588079723530379	0.77991961586281
Satisf	=~	sameinst	2	2		1	0	NA	NA	1	1	0.563656930233726	0.867557845774253
Satisf	=~	evalexp	2	2	.p15.	0.966655600801587	0.03698522253514	26.1362656364486	0	0.894165896672513	1.03914530493066	0.54486212854106	0.842203278637689
DevAdj	=~	Belong	2	2		1	0	NA	NA	1	1	0.316653837684497	0.316653837684497
DevAdj	=~	Gains	2	2	.p17.	0.396531954558	0.0489818845703453	8.09548178956899	6.66133814775094e-16	0.300529224905226	0.492534684210775	0.159326448477337	0.159326448477337
DevAdj	=~	SupportEnv	2	2	.p18.	0.853978979806841	0.0596055503523587	14.3271721300875	0	0.73715424783753	0.970803711776153	0.303293893011547	0.303293893011547
DevAdj	=~	Satisf	2	2	.p19.	0.927199281037527	0.0626657676649031	14.795945467318	0	0.804376633350763	1.05002192872429	0.341874833353236	0.341874833353236
EmoDiss	=~	MHWdacad	2	2		1	0	NA	NA	1	1	0.993641505418835	0.903638299744581
EmoDiss	=~	MHWdlonely	2	2	.p21.	1.00004397656965	0.0110673556446189	90.3597940358845	0	0.9783523581021	1.0217355950372	0.993685202363704	0.926715278356324
EmoDiss	=~	MHWdmental	2	2	.p22.	0.991975621056981	0.0103331302175051	95.9995277497329	0	0.971723057983109	1.01222818413085	0.985668149445843	0.937504927692638
EmoDiss	=~	MHWdexhaust	2	2	.p23.	1.00234365515188	0.0106052754900926	94.513683881976	0	0.981557697145176	1.02312961315859	0.995970258452134	0.935008057682729
EmoDiss	=~	MHWdsleep	2	2	.p24.	0.998374155965335	0.0113182989693791	88.2088517600008	0	0.976190697619095	1.02055761431158	0.992025999304654	0.918455019921219
EmoDiss	=~	MHWdfinancial	2	2	.p25.	1.00374898726706	0.0132682388057079	75.6505065943831	0	0.977743717069591	1.02975425746452	0.997366654770668	0.862479908091722
QualEngag	=~	QIadmin	2	2		1	0	NA	NA	1	1	0.97157272874408	0.884327419949777
QualEngag	=~	QIstudent	2	2	.p27.	0.99032018216719	0.0120730828420316	82.0271172760831	0	0.96665737461444	1.01398298971994	0.96216808171851	0.899425751784449
QualEngag	=~	QIadvisor	2	2	.p28.	0.997201761677431	0.011294302648754	88.292459719719	0	0.975065335255378	1.01933818809948	0.968854036701345	0.920045949035625
QualEngag	=~	QIfaculty	2	2	.p29.	0.999588561434487	0.0109600749390071	91.2027122987027	0	0.978107209286173	1.0210699135828	0.971172986254273	0.930622525332032
QualEngag	=~	QIstaff	2	2	.p30.	0.989293288828069	0.0113586318734262	87.0961661450216	0	0.967030779442505	1.01155579821363	0.961170380154892	0.914268418942859
sbvalued	~~	sbvalued	2	2		0.157820891148565	0.00809407704511302	19.4983183714383	0	0.141956791652051	0.173684990645078	0.157820891148565	0.268132144708988
sbmyself	~~	sbmyself	2	2		0.173921832797538	0.00808905056661958	21.5008957312304	0	0.15806758501784	0.189776080577235	0.173921832797538	0.298916412528723
sbcommunity	~~	sbcommunity	2	2		0.13334646070869	0.007551965200095	17.6571868613765	0	0.118544880904004	0.148148040513376	0.13334646070869	0.23230820643262
pganalyze	~~	pganalyze	2	2		0.241894385878293	0.00890116924973484	27.1755742522814	0	0.224448414728517	0.259340357028069	0.241894385878293	0.474823755102234
pgthink	~~	pgthink	2	2		0.15837406053867	0.00666560969370376	23.7598761127984	0	0.145309705604009	0.17143841547333	0.15837406053867	0.369003288674114
pgwork	~~	pgwork	2	2		0.217599238116937	0.00901590920280255	24.1350298924148	0	0.199928380791561	0.235270095442313	0.217599238116937	0.452158783556143
pgvalues	~~	pgvalues	2	2		0.271817626863079	0.00986197719905546	27.5621836652708	0	0.252488506736575	0.291146746989583	0.271817626863079	0.509809185171836
pgprobsolve	~~	pgprobsolve	2	2		0.203167000150676	0.00829541422011866	24.4914834581665	0	0.186908287042402	0.21942571325895	0.203167000150676	0.43879426872821
SEacademic	~~	SEacademic	2	2		0.168087489804723	0.0068219343455612	24.639271105576	0	0.154716744182526	0.18145823542692	0.168087489804723	0.32924260879692
SEwellness	~~	SEwellness	2	2		0.198402701979367	0.0084035071502369	23.6095118897797	0	0.181932130621078	0.214873273337656	0.198402701979367	0.356139779139343
SEnonacad	~~	SEnonacad	2	2		0.232780759030932	0.00881325897198374	26.4125631359425	0	0.215507088859419	0.250054429202445	0.232780759030932	0.400230471832924
SEactivities	~~	SEactivities	2	2		0.294007551697277	0.0107241567135683	27.4154471582177	0	0.27298859077412	0.315026512620435	0.294007551697277	0.474685425589055
SEdiverse	~~	SEdiverse	2	2		0.222717554298762	0.00869703786973072	25.6084379112468	0	0.205671673301908	0.239763435295615	0.222717554298762	0.391725392792406
sameinst	~~	sameinst	2	2		0.104407841514493	0.0133404674283013	7.82640054223255	5.10702591327572e-15	0.0782610058180926	0.130554677210893	0.104407841514493	0.247343384235537
evalexp	~~	evalexp	2	2		0.121667592931031	0.0126539412331061	9.61499588861026	0	0.0968663238516566	0.146468862010405	0.121667592931031	0.290693637451927
MHWdacad	~~	MHWdacad	2	2		0.221798741176692	0.00901898040018179	24.5924407566315	0	0.204121864415063	0.239475617938321	0.221798741176692	0.183437823234722
MHWdlonely	~~	MHWdlonely	2	2		0.162343902911083	0.00718974882957514	22.5799129787788	0	0.148252254147227	0.17643555167494	0.162343902911083	0.141198792860961
MHWdmental	~~	MHWdmental	2	2		0.133845236246781	0.0060631082623557	22.0753498791688	0	0.121961762418197	0.145728710075366	0.133845236246781	0.121084510552021
MHWdexhaust	~~	MHWdexhaust	2	2		0.142693544702662	0.00633877621208191	22.5112135100594	0	0.130269771620922	0.155117317784401	0.142693544702662	0.12575993206837
MHWdsleep	~~	MHWdsleep	2	2		0.182506853034766	0.00789728232622951	23.1100833800255	0	0.167028464099611	0.19798524196992	0.182506853034766	0.156440376381514
MHWdfinancial	~~	MHWdfinancial	2	2		0.342507010627076	0.0132655740958578	25.8192376863677	0	0.316506963164947	0.368507058089205	0.342507010627076	0.256128408138095
QIadmin	~~	QIadmin	2	2		0.263094179383556	0.0106123852496018	24.7912390283258	0	0.242294286504273	0.28389407226284	0.263094179383556	0.217965014324971
QIstudent	~~	QIstudent	2	2		0.218615209103978	0.00908599012482651	24.0606919114555	0	0.200806995695432	0.236423422512525	0.218615209103978	0.191033317026979
QIadvisor	~~	QIadvisor	2	2		0.170235357032793	0.00752644351764781	22.6182999491897	0	0.155483798806528	0.184986915259057	0.170235357032793	0.153515451663136
QIfaculty	~~	QIfaculty	2	2		0.14586863652311	0.00650327377933174	22.4300316229496	0	0.133122454134016	0.158614818912204	0.14586863652311	0.133941715344631
QIstaff	~~	QIstaff	2	2		0.181383170351572	0.00772169080478375	23.4900846119351	0	0.166248934474441	0.196517406228702	0.181383170351572	0.164113258123725
Belong	~~	Belong	2	2		0.387579368838397	0.0155051748163799	24.9967751688263	0	0.357189784624295	0.417968953052499	0.89973034707968	0.89973034707968
Gains	~~	Gains	2	2		0.260754344070599	0.012386784939484	21.0510108429688	0	0.236476691704967	0.285031996436231	0.974615082815598	0.974615082815598
SupportEnv	~~	SupportEnv	2	2		0.310940148668681	0.0126633030280911	24.5544269120719	0	0.286120530808305	0.335759766529056	0.9080128144619	0.9080128144619
Satisf	~~	Satisf	2	2		0.280575799102416	0.0162608190215499	17.2547150749651	0	0.248705179461055	0.312446418743778	0.883121598319697	0.883121598319697
DevAdj	~~	DevAdj	2	2		0.0431934400330513	0.00812598288314806	5.31547268240342	1.06380809272721e-07	0.0272668062430921	0.0591200738230104	1	1
EmoDiss	~~	EmoDiss	2	2		0.987323441291009	0.0375691051642282	26.2801958411056	0	0.913689348237724	1.06095753434429	1	1
QualEngag	~~	QualEngag	2	2		0.943953567239217	0.0356520221695647	26.4768590894978	0	0.874076887810846	1.01383024666759	1	1
DevAdj	~~	EmoDiss	2	2		-0.17564652456365	0.0146730892590382	-11.9706574030044	0	-0.204405251053307	-0.146887798073994	-0.850552136925488	-0.850552136925488
DevAdj	~~	QualEngag	2	2		0.143924704529533	0.0120321236642796	11.9617042298867	0	0.120342175490013	0.167507233569053	0.712772825215363	0.712772825215363
EmoDiss	~~	QualEngag	2	2		-0.15756761242249	0.0248324398372077	-6.34523282671557	2.22089235890621e-10	-0.206238300151674	-0.108896924693305	-0.163215693315543	-0.163215693315543
sbvalued	~1		2	2		2.60357037833903	0.0177483167520187	146.693932428432	0	2.56878431671887	2.6383564399592	2.60357037833903	3.39360676655528
sbmyself	~1		2	2		2.6031279703101	0.0175849992757025	148.031167331743	0	2.56866200506156	2.63759393555864	2.6031279703101	3.41266255813735
sbcommunity	~1		2	2		2.59713751394239	0.0176650783739	147.021001490695	0	2.56251459654547	2.63176043133931	2.59713751394239	3.42796575505739
pganalyze	~1		2	2		2.95138502235591	0.0166625656330129	177.126685491245	0	2.91872699382517	2.98404305088665	2.95138502235591	4.13503503597091
pgthink	~1		2	2		2.96654782947112	0.0151964880098807	195.212724646792	0	2.93676326028026	2.99633239866199	2.96654782947112	4.52818797798591
pgwork	~1		2	2		2.96315152045831	0.0158507163595516	186.941173713749	0	2.93208468726443	2.99421835365219	2.96315152045831	4.2714041014214
pgvalues	~1		2	2		2.93720848796971	0.0169333553780912	173.456968355483	0	2.90401972129124	2.97039725464819	2.93720848796971	4.02253465416709
pgprobsolve	~1		2	2		2.94865550278841	0.0159223096704439	185.190186839658	0	2.91744834928365	2.97986265629317	2.94865550278841	4.33339148097998
SEacademic	~1		2	2		2.65144118446209	0.0161946413142945	163.723365834706	0	2.61970027074352	2.68318209818065	2.65144118446209	3.71084076781846
SEwellness	~1		2	2		2.64192233718744	0.0171856672904533	153.72823717209	0	2.60823904824787	2.67560562612702	2.64192233718744	3.53961884099523
SEnonacad	~1		2	2		2.65113175373669	0.0175643978500996	150.937810471064	0	2.61670616654036	2.68555734093302	2.65113175373669	3.47626476856099
SEactivities	~1		2	2		2.64290109132741	0.0181019256580808	146.001101830158	0	2.60742196898675	2.67838021366807	2.64290109132741	3.3581849913434
SEdiverse	~1		2	2		2.64186012013551	0.017468142320085	151.238756344335	0	2.60762319031132	2.6760970499597	2.64186012013551	3.50367211726001
sameinst	~1		2	2		2.87321158861468	0.0154636929346733	185.803714594736	0	2.84290330739473	2.90351986983462	2.87321158861468	4.42233053932035
evalexp	~1		2	2		2.87262149489154	0.0152833348760066	187.957766953159	0	2.8426667089709	2.90257628081218	2.87262149489154	4.44026316852087
MHWdacad	~1		2	2		4.14750925788899	0.0261933099141217	158.34231227314	0	4.09617131382142	4.19884720195657	4.14750925788899	3.77183138338605
MHWdlonely	~1		2	2		4.14401837610018	0.0256233318775711	161.728318389677	0	4.09379756845622	4.19423918374414	4.14401837610018	3.86473013162149
MHWdmental	~1		2	2		4.16251113903582	0.0245237075798887	169.734169496027	0	4.11444555541184	4.21057672265979	4.16251113903582	3.95911616563399
MHWdexhaust	~1		2	2		4.16404799588189	0.025088785438311	165.972482251904	0	4.11487488000695	4.21322111175683	4.16404799588189	3.90917137905108
MHWdsleep	~1		2	2		4.16165480218049	0.0258120439088801	161.229184983246	0	4.11106412575172	4.21224547860927	4.16165480218049	3.85301670210367
MHWdfinancial	~1		2	2		4.11907446732948	0.027310329557067	150.824780738085	0	4.06554720499171	4.17260172966725	4.11907446732948	3.56199894092325
QIadmin	~1		2	2		4.70752443960964	0.0256916413935603	183.231751039059	0	4.65716974777454	4.75787913144473	4.70752443960964	4.28479805872266
QIstudent	~1		2	2		4.71803708042066	0.0251773810451353	187.391892427678	0	4.66869032034715	4.76738384049417	4.71803708042066	4.41037707302136
QIadvisor	~1		2	2		4.70347690333524	0.0245401783564764	191.664332467818	0	4.65537903758236	4.75157476908813	4.70347690333524	4.46652922666221
QIfaculty	~1		2	2		4.70733235390721	0.0243786793075922	193.092180856623	0	4.65955102047368	4.75511368734074	4.70733235390721	4.51078189444546
QIstaff	~1		2	2		4.70280029031449	0.0245704428358198	191.400713521474	0	4.65464310727209	4.7509574733569	4.70280029031449	4.47331906476037
Belong	~1		2	2		0	0	NA	NA	0	0	0	0
Gains	~1		2	2		0	0	NA	NA	0	0	0	0
SupportEnv	~1		2	2		0	0	NA	NA	0	0	0	0
Satisf	~1		2	2		0	0	NA	NA	0	0	0	0
DevAdj	~1		2	2		0	0	NA	NA	0	0	0	0
EmoDiss	~1		2	2		0	0	NA	NA	0	0	0	0
QualEngag	~1		2	2		0	0	NA	NA	0	0	0	0
Belong	=~	sbvalued	3	3		1	0	NA	NA	1	1	0.67268687193161	0.883967275609758
Belong	=~	sbmyself	3	3	.p2.	0.973112228519891	0.01581627806067	61.5259939656542	0	0.942112893151507	1.00411156388828	0.654599821041444	0.824406169293975
Belong	=~	sbcommunity	3	3	.p3.	1.01141124691229	0.015165210198777	66.6928604124368	0	0.981687981104712	1.04113451271988	0.68036306792188	0.899083720494186
Gains	=~	pganalyze	3	3		1	0	NA	NA	1	1	0.511266988243185	0.736623896727944
Gains	=~	pgthink	3	3	.p5.	1.00610021830437	0.0227934729212787	44.1398387064189	0	0.961425832296074	1.05077460431266	0.514385828483286	0.773260932054155
Gains	=~	pgwork	3	3	.p6.	0.992684723834518	0.0224709585007313	44.1763409336639	0	0.948642454474991	1.03672699319405	0.507526929029892	0.738561223819373
Gains	=~	pgvalues	3	3	.p7.	0.988367264523092	0.0243095624607837	40.6575505469311	0	0.940721397620029	1.03601313142615	0.505319554610876	0.706824627004305
Gains	=~	pgprobsolve	3	3	.p8.	0.985502992797268	0.022850740240596	43.1278366661598	0	0.94071636490562	1.03028962068892	0.503855147032104	0.758302307890742
SupportEnv	=~	SEacademic	3	3		1	0	NA	NA	1	1	0.608157757584077	0.833236616526652
SupportEnv	=~	SEwellness	3	3	.p10.	1.02345071477621	0.0187493691480155	54.5858746871244	0	0.986702626513254	1.06019880303917	0.622419491696122	0.826417294136874
SupportEnv	=~	SEnonacad	3	3	.p11.	1.00929530038697	0.0191437552380667	52.7219078929727	0	0.971774229591506	1.04681637118243	0.613810766623485	0.774152728362465
SupportEnv	=~	SEactivities	3	3	.p12.	0.974750814787432	0.0198236697201618	49.1710580607613	0	0.935897136094497	1.01360449348037	0.592802269724376	0.737802115851271
SupportEnv	=~	SEdiverse	3	3	.p13.	1.00494847024624	0.0190797544918569	52.670932986855	0	0.967552838608334	1.04234410188415	0.611167208152502	0.787489543661368
Satisf	=~	sameinst	3	3		1	0	NA	NA	1	1	0.598503458023622	0.886827672465647
Satisf	=~	evalexp	3	3	.p15.	0.966655600801586	0.03698522253514	26.1362656364486	0	0.894165896672513	1.03914530493066	0.578546719797651	0.855070473440079
DevAdj	=~	Belong	3	3		1	0	NA	NA	1	1	0.464541195562853	0.464541195562853
DevAdj	=~	Gains	3	3	.p17.	0.396531954558001	0.0489818845703454	8.09548178956898	6.66133814775094e-16	0.300529224905226	0.492534684210776	0.242363728093609	0.242363728093609
DevAdj	=~	SupportEnv	3	3	.p18.	0.853978979806841	0.0596055503523587	14.3271721300875	0	0.737154247837529	0.970803711776153	0.438801512072077	0.438801512072077
DevAdj	=~	Satisf	3	3	.p19.	0.927199281037527	0.0626657676649032	14.795945467318	0	0.804376633350762	1.05002192872429	0.484109502750251	0.484109502750251
EmoDiss	=~	MHWdacad	3	3		1	0	NA	NA	1	1	0.978834170796682	0.90125454104316
EmoDiss	=~	MHWdlonely	3	3	.p21.	1.00004397656965	0.0110673556446189	90.3597940358846	0	0.9783523581021	1.0217355950372	0.978877216565769	0.931323153634422
EmoDiss	=~	MHWdmental	3	3	.p22.	0.991975621056981	0.0103331302175051	95.999527749733	0	0.971723057983109	1.01222818413085	0.970979634487834	0.93846062223044
EmoDiss	=~	MHWdexhaust	3	3	.p23.	1.00234365515188	0.0106052754900926	94.513683881976	0	0.981557697145176	1.02312961315859	0.981128220543908	0.932028305526914
EmoDiss	=~	MHWdsleep	3	3	.p24.	0.998374155965335	0.0113182989693791	88.2088517600009	0	0.976190697619095	1.02055761431158	0.977242739099166	0.916923406089782
EmoDiss	=~	MHWdfinancial	3	3	.p25.	1.00374898726705	0.0132682388057079	75.6505065943831	0	0.97774371706959	1.02975425746452	0.982503807639557	0.857805055914983
QualEngag	=~	QIadmin	3	3		1	0	NA	NA	1	1	0.966202035798221	0.891255824999029
QualEngag	=~	QIstudent	3	3	.p27.	0.99032018216719	0.0120730828420316	82.0271172760831	0	0.966657374614439	1.01398298971994	0.956849376102004	0.88485104203598
QualEngag	=~	QIadvisor	3	3	.p28.	0.997201761677431	0.011294302648754	88.292459719719	0	0.975065335255377	1.01933818809948	0.963498372234306	0.913304846834656
QualEngag	=~	QIfaculty	3	3	.p29.	0.999588561434486	0.0109600749390071	91.2027122987027	0	0.978107209286173	1.0210699135828	0.965804503018616	0.933859545560063
QualEngag	=~	QIstaff	3	3	.p30.	0.989293288828069	0.0113586318734262	87.0961661450216	0	0.967030779442505	1.01155579821363	0.955857189667197	0.907577866648971
sbvalued	~~	sbvalued	3	3		0.12659232405415	0.0101625252788808	12.4567782691992	0	0.106674140515566	0.146510507592735	0.12659232405415	0.218601855651062
sbmyself	~~	sbmyself	3	3		0.201976147341856	0.0124735957116989	16.192295470377	0	0.177528348989213	0.226423945694499	0.201976147341856	0.320354468030034
sbcommunity	~~	sbcommunity	3	3		0.109745452962553	0.00936908380055229	11.7135736320433	0	0.0913823861453328	0.128108519779773	0.109745452962553	0.191648463542332
pganalyze	~~	pganalyze	3	3		0.22033629233053	0.0117996988885817	18.6730436438293	0	0.197209307480493	0.243463277180568	0.22033629233053	0.457385234769339
pgthink	~~	pgthink	3	3		0.177920035273529	0.010764304565027	16.5287069126218	0	0.156822386007456	0.199017684539602	0.177920035273529	0.40206753095874
pgwork	~~	pgwork	3	3		0.21463728548787	0.0117695659351655	18.2366356304246	0	0.191569360141276	0.237705210834464	0.21463728548787	0.45452731867043
pgvalues	~~	pgvalues	3	3		0.255755658349318	0.0151790373619242	16.849267331726	0	0.226005291799959	0.285506024898677	0.255755658349318	0.500398946660226
pgprobsolve	~~	pgprobsolve	3	3		0.187625858689198	0.0107745690755999	17.4137691607635	0	0.166508091352083	0.208743626026313	0.187625858689198	0.424977609847574
SEacademic	~~	SEacademic	3	3		0.162860224628736	0.0100610358146821	16.1872224320157	0	0.143140956784791	0.18257949247268	0.162860224628736	0.305716740879217
SEwellness	~~	SEwellness	3	3		0.179834925800217	0.0115174927217119	15.6140689771139	0	0.157261054873459	0.202408796726975	0.179834925800217	0.317034455951487
SEnonacad	~~	SEnonacad	3	3		0.251896166572012	0.0136915813000406	18.3978870703025	0	0.225061160332531	0.278731172811494	0.251896166572012	0.400687553168952
SEactivities	~~	SEactivities	3	3		0.294150389175305	0.0157232419178608	18.707998688309	0	0.263333401296088	0.324967377054523	0.294150389175305	0.455648037845388
SEdiverse	~~	SEdiverse	3	3		0.228799099452791	0.0123302140811223	18.5559713681765	0	0.204632323932123	0.252965874973459	0.228799099452791	0.37986021862401
sameinst	~~	sameinst	3	3		0.0972584491572553	0.0150386058954959	6.46725167433136	9.98012783526292e-11	0.0677833232243916	0.126733575090119	0.0972584491572553	0.213536679349164
evalexp	~~	evalexp	3	3		0.12308080771442	0.0144242374385505	8.53291608923961	0	0.0948098218304069	0.151351793598433	0.12308080771442	0.268854485450959
MHWdacad	~~	MHWdacad	3	3		0.221452562080082	0.0139986944623833	15.8195153608903	0	0.19401562510323	0.248889499056933	0.221452562080082	0.187740252249082
MHWdlonely	~~	MHWdlonely	3	3		0.146528104591501	0.00928511141195824	15.7809743028811	0	0.128329620631621	0.164726588551381	0.146528104591501	0.132637183504435
MHWdmental	~~	MHWdmental	3	3		0.127702152395903	0.00844243939606322	15.1262148775923	0	0.111155275237957	0.144249029553849	0.127702152395903	0.119291660522855
MHWdexhaust	~~	MHWdexhaust	3	3		0.145524096896429	0.00928140491285055	15.6791022763099	0	0.127332877541309	0.163715316251549	0.145524096896429	0.131323237696629
MHWdsleep	~~	MHWdsleep	3	3		0.180893194916114	0.0108837747134934	16.6204464607163	0	0.159561388461819	0.202225001370408	0.180893194916114	0.159251467364712
MHWdfinancial	~~	MHWdfinancial	3	3		0.346557718793946	0.0191821512277507	18.0666763951159	0	0.308961393241554	0.384154044346338	0.346557718793946	0.264170486046693
QIadmin	~~	QIadmin	3	3		0.241705991099415	0.0127539972453345	18.9513911952453	0	0.216708615839636	0.266703366359194	0.241705991099415	0.205663054405301
QIstudent	~~	QIstudent	3	3		0.253795471659829	0.015170223836516	16.7298435669039	0	0.224062379302847	0.283528564016812	0.253795471659829	0.217038633407839
QIadvisor	~~	QIadvisor	3	3		0.184607540208363	0.0121989842034844	15.13302559697	0	0.16069797052156	0.208517109895165	0.184607540208363	0.165874256748326
QIfaculty	~~	QIfaculty	3	3		0.136806719883256	0.0089410371310345	15.3009900169632	0	0.119282609121993	0.154330830644519	0.136806719883256	0.127906349166352
QIstaff	~~	QIstaff	3	3		0.195558408320058	0.0118889195564226	16.4487956531268	0	0.172256554174376	0.218860262465741	0.195558408320058	0.176302415968903
Belong	~~	Belong	3	3		0.354857150254734	0.0217549471105343	16.311561156722	0	0.312218237432513	0.397496063076955	0.784201477625035	0.784201477625035
Gains	~~	Gains	3	3		0.246039607440024	0.0148314137421427	16.5890866317696	0	0.216970570665612	0.275108644214436	0.941259823304567	0.941259823304567
SupportEnv	~~	SupportEnv	3	3		0.298641308375866	0.017881804146895	16.7008488585713	0	0.263593616269353	0.33368900048238	0.807453233003259	0.807453233003259
Satisf	~~	Satisf	3	3		0.274256419649014	0.0218668438839634	12.5421126662978	0	0.231398193180885	0.317114646117142	0.765637989346905	0.765637989346905
DevAdj	~~	DevAdj	3	3		0.0976504774144001	0.0146004898450196	6.68816446920169	2.259881171085e-11	0.0690340431615189	0.126266911667281	1	1
EmoDiss	~~	EmoDiss	3	3		0.958116333919229	0.0440536899275845	21.7488327423692	0	0.871772688275068	1.04445997956339	1	1
QualEngag	~~	QualEngag	3	3		0.933546373980626	0.0453454745647531	20.5874209706975	0	0.844670876971833	1.02242187098942	1	1
DevAdj	~~	EmoDiss	3	3		-0.225168140247842	0.0214834675967649	-10.4809961070599	0	-0.267274963000534	-0.183061317495149	-0.736140366976282	-0.736140366976282
DevAdj	~~	QualEngag	3	3		0.174191859022395	0.0185220328306311	9.40457565404605	0	0.137889341753889	0.2104943762909	0.576929465757753	0.576929465757753
EmoDiss	~~	QualEngag	3	3		-0.20401199460663	0.0362709422627689	-5.62466762315251	1.85865496327153e-08	-0.275101735126989	-0.132922254086272	-0.215714148825749	-0.215714148825749
sbvalued	~1		3	3		2.46941861681761	0.0265829287045141	92.8949042547851	0	2.41731703395317	2.52152019968206	2.46941861681761	3.24502430199085
sbmyself	~1		3	3		2.46627557847792	0.0269058310483177	91.6632373870544	0	2.4135411186491	2.51901003830674	2.46627557847792	3.1060393491118
sbcommunity	~1		3	3		2.488956652608	0.0256006224874733	97.2225051881404	0	2.43878035455074	2.53913295066525	2.488956652608	3.28909741413609
pganalyze	~1		3	3		2.73725660873172	0.0231981166416739	117.994777378368	0	2.69178913560488	2.78272408185857	2.73725660873172	3.94378803215281
pgthink	~1		3	3		2.70668390971402	0.0222303955196511	121.755994279156	0	2.66311313513342	2.75025468429462	2.70668390971402	4.06887749799168
pgwork	~1		3	3		2.71124991553014	0.0226983744565457	119.446875842172	0	2.66676191908771	2.75573791197258	2.71124991553014	3.94545380975475
pgvalues	~1		3	3		2.7075192355196	0.0243553611056157	111.167279506906	0	2.65978360492212	2.75525486611707	2.7075192355196	3.78719021714251
pgprobsolve	~1		3	3		2.73903443578766	0.0221290030210543	123.775772147604	0	2.69566238685261	2.7824064847227	2.73903443578766	4.12224851980654
SEacademic	~1		3	3		2.49541868459292	0.0250218503336807	99.7295823975877	0	2.44637675911235	2.54446061007349	2.49541868459292	3.41897179742895
SEwellness	~1		3	3		2.47728007117779	0.0258184205825475	95.9501013339427	0	2.42667689669828	2.52788324565729	2.47728007117779	3.28920787435987
SEnonacad	~1		3	3		2.46713030411509	0.0272048372373528	90.6871922294637	0	2.4138098029246	2.52045080530557	2.46713030411509	3.11160338008208
SEactivities	~1		3	3		2.46735024870578	0.0270986266992423	91.0507486630226	0	2.41423791634477	2.52046258106679	2.46735024870578	3.07086582999706
SEdiverse	~1		3	3		2.45707086379238	0.0256251749201177	95.8850377198162	0	2.40684644385141	2.50729528373335	2.45707086379238	3.16593820391734
sameinst	~1		3	3		2.63463840344449	0.022385831200452	117.692230404708	0	2.59076298052761	2.67851382636136	2.63463840344449	3.90385420801205
evalexp	~1		3	3		2.65614879130087	0.0219924934782539	120.775245150227	0	2.61304429615326	2.69925328644848	2.65614879130087	3.9256888454908
MHWdacad	~1		3	3		3.99709533139635	0.0374862667754463	106.628258165587	0	3.92362359860161	4.07056706419108	3.99709533139635	3.68029685301173
MHWdlonely	~1		3	3		3.9976827581919	0.0363622293569007	109.940529744589	0	3.92641409825479	4.06895141812901	3.9976827581919	3.80347448135655
MHWdmental	~1		3	3		4.00141830529964	0.0362865570981705	110.272746308615	0	3.93029796026427	4.07253865033501	4.00141830529964	3.86740707963101
MHWdexhaust	~1		3	3		3.99071696901888	0.035664677805587	111.895500381998	0	3.92081548499971	4.06061845303806	3.99071696901888	3.79100416906795
MHWdsleep	~1		3	3		3.98949184350679	0.0363493659699974	109.754097136101	0	3.91824839534473	4.06073529166885	3.98949184350679	3.74324444005354
MHWdfinancial	~1		3	3		4.01348305641125	0.0390227852790924	102.849733244479	0	3.93699980268779	4.08996631013471	4.01348305641125	3.50409436670776
QIadmin	~1		3	3		4.57732080532174	0.0372744129225192	122.80061432051	0	4.50426429844873	4.65037731219475	4.57732080532174	4.2222678896158
QIstudent	~1		3	3		4.56541560680281	0.0365869980363005	124.782459667042	0	4.49370640834922	4.6371248052564	4.56541560680281	4.22188994203425
QIadvisor	~1		3	3		4.55995067400406	0.0358269518725927	127.27710384685	0	4.48973113865793	4.63017020935019	4.55995067400406	4.32239967591985
QIfaculty	~1		3	3		4.54141437803414	0.0351509858603913	129.197354409097	0	4.47251971172669	4.61030904434158	4.54141437803414	4.39120251978071
QIstaff	~1		3	3		4.52481890675385	0.0362156570397719	124.940958596573	0	4.45383752327944	4.59580029022825	4.52481890675385	4.2962751494231
Belong	~1		3	3		0	0	NA	NA	0	0	0	0
Gains	~1		3	3		0	0	NA	NA	0	0	0	0
SupportEnv	~1		3	3		0	0	NA	NA	0	0	0	0
Satisf	~1		3	3		0	0	NA	NA	0	0	0	0
DevAdj	~1		3	3		0	0	NA	NA	0	0	0	0
EmoDiss	~1		3	3		0	0	NA	NA	0	0	0	0
QualEngag	~1		3	3		0	0	NA	NA	0	0	0	0
