lhs	op	rhs	block	group	label	est	se	z	pvalue	ci.lower	ci.upper	std.lv	std.all
Belong	=~	sbvalued	1	1		1	0	NA	NA	1	1	0.614441855772079	0.850428131686032
Belong	=~	sbmyself	1	1	.p2.	0.978544146584964	0.0148802566390713	65.7612412420084	0	0.949379379491672	1.00770891367826	0.601258481382571	0.815882373901143
Belong	=~	sbcommunity	1	1	.p3.	1.00933147502513	0.0143906807299612	70.1378547662249	0	0.981126259081392	1.03753669096887	0.620175504603611	0.86233100300497
Gains	=~	pganalyze	1	1		1	0	NA	NA	1	1	0.486876078318979	0.703496654181991
Gains	=~	pgthink	1	1	.p5.	1.01502641236178	0.0221722568045349	45.7791203353812	0	0.971569587568917	1.05848323715464	0.494192079040885	0.771387887907547
Gains	=~	pgwork	1	1	.p6.	0.998461478871565	0.0217356541515898	45.9365737008901	0	0.95586037955403	1.0410625781891	0.486127009185555	0.727818303650947
Gains	=~	pgvalues	1	1	.p7.	0.995640496927334	0.0230730987812366	43.1515725896776	0	0.950418054304375	1.04086293955029	0.484753540559539	0.687061981989212
Gains	=~	pgprobsolve	1	1	.p8.	0.985859008612567	0.021989862389511	44.8324319247588	0	0.942759670304134	1.028958346921	0.479991167888723	0.744691796809409
SupportEnv	=~	SEacademic	1	1		1	0	NA	NA	1	1	0.553090878150435	0.797953570679074
SupportEnv	=~	SEwellness	1	1	.p10.	1.02101115041871	0.0170191900596991	59.9917591164594	0	0.987654150855659	1.05436814998176	0.564711953786471	0.789559491622881
SupportEnv	=~	SEnonacad	1	1	.p11.	1.01954756068566	0.0178518850589872	57.1114791136516	0	0.984558508913896	1.05453661245742	0.563902455655765	0.746141440541224
SupportEnv	=~	SEactivities	1	1	.p12.	0.981061224192765	0.0184330185100313	53.2230368921329	0	0.944933171786743	1.01718927659879	0.542616014008117	0.721058367763928
SupportEnv	=~	SEdiverse	1	1	.p13.	1.01487396700251	0.0178217515469474	56.9458038021153	0	0.979943975829073	1.04980395817595	0.561317533621434	0.757868155107235
Satisf	=~	sameinst	1	1		1	0	NA	NA	1	1	0.521746904254288	0.852855788070796
Satisf	=~	evalexp	1	1	.p15.	0.969449750704284	0.028564000097214	33.939565446187	0	0.913465339259346	1.02543416214922	0.505807406260051	0.815371251171182
DevAdj	=~	Belong	1	1		1	0	NA	NA	1	1	0.370839706898463	0.370839706898463
DevAdj	=~	Gains	1	1	.p17.	0.394740595634191	0.048739878804125	8.09892443968865	4.44089209850063e-16	0.299212188567259	0.490269002701123	0.184739760617083	0.184739760617083
DevAdj	=~	SupportEnv	1	1	.p18.	0.85076956644275	0.0590039433842121	14.4188594464416	0	0.735123962463854	0.966415170421646	0.350495520140828	0.350495520140828
DevAdj	=~	Satisf	1	1	.p19.	0.926261693048373	0.0619258251938006	14.957599517642	0	0.804889305955601	1.04763408014115	0.404520787417656	0.404520787417656
EmoDiss	=~	MHWdacad	1	1		1	0	NA	NA	1	1	0.823184829083333	0.87452611328414
EmoDiss	=~	MHWdlonely	1	1	.p21.	1.0043488642735	0.01049848323598	95.6660921104716	0	0.983772215238682	1.02492551330832	0.826764748177021	0.89519238788955
EmoDiss	=~	MHWdmental	1	1	.p22.	1.00007252119401	0.00985393536133595	101.489657129071	0	0.980759162779808	1.01938587960822	0.823244527430031	0.91932674972355
EmoDiss	=~	MHWdexhaust	1	1	.p23.	1.00625590418615	0.00990536617980273	101.586946501577	0	0.986841743220057	1.02567006515225	0.828334594501572	0.910261724798287
EmoDiss	=~	MHWdsleep	1	1	.p24.	1.00075479833371	0.0106848088965822	93.6614597434523	0	0.979812957714719	1.02169663895271	0.823806167620664	0.878431797783215
EmoDiss	=~	MHWdfinancial	1	1	.p25.	0.998180451234385	0.012329402526286	80.9593529861878	0	0.974015266331967	1.0223456361368	0.821687004143702	0.817030859541546
QualEngag	=~	QIadmin	1	1		1	0	NA	NA	1	1	0.90161000107571	0.87150667609171
QualEngag	=~	QIstudent	1	1	.p27.	0.989542497905563	0.0114566811890719	86.3725263516497	0	0.967087815392625	1.0119971804185	0.892181412601096	0.877397957647379
QualEngag	=~	QIadvisor	1	1	.p28.	0.998532839057562	0.0109657709034435	91.0590644150696	0	0.977040323024095	1.02002535509103	0.90028719409682	0.901757122427825
QualEngag	=~	QIfaculty	1	1	.p29.	1.00230446602152	0.0105740466434096	94.7891095833421	0	0.981579715429595	1.02302921661345	0.903687730687855	0.923466313190264
QualEngag	=~	QIstaff	1	1	.p30.	0.993274327104471	0.0109576713966504	90.6464787224868	0	0.971797685812612	1.01475096839633	0.895546067129137	0.893421255949011
sbvalued	~~	sbvalued	1	1		0.144480251577986	0.00992411751877864	14.5584986579006	0	0.125029338662837	0.163931164493135	0.144480251577986	0.276771992837005
sbmyself	~~	sbmyself	1	1		0.181572640521027	0.0109317608735022	16.609642547263	0	0.160146782921359	0.202998498120696	0.181572640521027	0.334335951957435
sbcommunity	~~	sbcommunity	1	1		0.132609378036698	0.00960848581281704	13.8012773937603	0	0.113777091897612	0.151441664175783	0.132609378036698	0.256385241256443
pganalyze	~~	pganalyze	1	1		0.241926634849568	0.011197336127955	21.6057312279462	0	0.219980259315987	0.263873010383149	0.241926634849568	0.505092457554744
pgthink	~~	pgthink	1	1		0.166210645593476	0.00924282044200667	17.9826760279885	0	0.148095050411572	0.184326240775379	0.166210645593476	0.404960726389534
pgwork	~~	pgwork	1	1		0.209802443737671	0.0110696979640455	18.9528607211427	0	0.188106234408406	0.231498653066937	0.209802443737671	0.470280516870659
pgvalues	~~	pgvalues	1	1		0.26280856211831	0.0133925305012149	19.6235179075732	0	0.236559684674074	0.289057439562545	0.26280856211831	0.527945832905056
pgprobsolve	~~	pgprobsolve	1	1		0.185053302864244	0.00927716534997615	19.947181696478	0	0.166870392899668	0.20323621282882	0.185053302864244	0.445434127764774
SEacademic	~~	SEacademic	1	1		0.174528919210925	0.00932321235121587	18.7198266687731	0	0.156255758782323	0.192802079639528	0.174528919210925	0.363270099040516
SEwellness	~~	SEwellness	1	1		0.192645880791482	0.00985382786158617	19.5503598700446	0	0.173332733072915	0.211959028510048	0.192645880791482	0.376595809188218
SEnonacad	~~	SEnonacad	1	1		0.253184363132827	0.0116172406294364	21.793846853038	0	0.230414989899396	0.275953736366257	0.253184363132827	0.443272950707067
SEactivities	~~	SEactivities	1	1		0.271865005246848	0.0130534952074072	20.8269893179704	0	0.246280624767964	0.297449385725733	0.271865005246848	0.48007483027762
SEdiverse	~~	SEdiverse	1	1		0.233489905148859	0.0127087670927255	18.3723490599264	0	0.208581179359209	0.258398630938508	0.233489905148859	0.425635859474355
sameinst	~~	sameinst	1	1		0.102035984980295	0.0115840909958683	8.80828586521703	0	0.079331583834758	0.124740386125831	0.102035984980295	0.272637004754142
evalexp	~~	evalexp	1	1		0.128980589928382	0.011632636322912	11.0878210534562	0	0.106181041690223	0.151780138166542	0.128980589928382	0.335169722763541
MHWdacad	~~	MHWdacad	1	1		0.208398216438027	0.0111883910438968	18.6262900197529	0	0.186469372947038	0.230327059929015	0.208398216438027	0.235204077184136
MHWdlonely	~~	MHWdlonely	1	1		0.169424912519775	0.00958982448407189	17.6671546805866	0	0.150629201912933	0.188220623126616	0.169424912519775	0.198630588664606
MHWdmental	~~	MHWdmental	1	1		0.124164196277617	0.00754948331162114	16.4467144508403	0	0.109367480884954	0.138960911670281	0.124164196277617	0.154838327242733
MHWdexhaust	~~	MHWdexhaust	1	1		0.141954651493458	0.00851554059881415	16.670069251179	0	0.125264498610894	0.158644804376022	0.141954651493458	0.171423592367247
MHWdsleep	~~	MHWdsleep	1	1		0.200839627619433	0.0105376525907173	19.0592378986144	0	0.180186208060031	0.221493047178834	0.200839627619433	0.228357576643349
MHWdfinancial	~~	MHWdfinancial	1	1		0.336260664517019	0.0147342509505844	22.8217006514119	0	0.307382063314698	0.365139265719339	0.336260664517019	0.332460574556803
QIadmin	~~	QIadmin	1	1		0.257375941719031	0.0139270434449494	18.4803000533733	0	0.230079438155806	0.284672445282256	0.257375941719031	0.24047611352758
QIstudent	~~	QIstudent	1	1		0.237994625529902	0.0131202728424683	18.1394570362555	0	0.212279363291326	0.263709887768479	0.237994625529902	0.230172823916209
QIadvisor	~~	QIadvisor	1	1		0.18622548284121	0.0105266243046477	17.6909023682918	0	0.165593678325317	0.206857287357104	0.18622548284121	0.186834092150689
QIfaculty	~~	QIfaculty	1	1		0.140971680255881	0.00851674263166669	16.5523001401644	0	0.124279171432217	0.157664189079544	0.140971680255881	0.147209968402781
QIstaff	~~	QIstaff	1	1		0.202759469703102	0.0115328313652459	17.581066026346	0	0.180155535587446	0.225363403818757	0.202759469703102	0.201798459418492
Belong	~~	Belong	1	1		0.325618870775373	0.0169779577058067	19.178918714352	0	0.292342685140948	0.358895056409799	0.862477911787462	0.862477911787462
Gains	~~	Gains	1	1		0.228958146026259	0.0125646559815749	18.2223967263415	0	0.204331872824236	0.253584419228282	0.965871220847143	0.965871220847143
SupportEnv	~~	SupportEnv	1	1		0.268329419212486	0.0150603368039413	17.8169600524647	0	0.238811701481718	0.297847136943254	0.87715289036121	0.87715289036121
Satisf	~~	Satisf	1	1		0.227674577071716	0.0161005332937178	14.1408096811645	0	0.196118111684141	0.259231042459291	0.836362932547	0.836362932547
DevAdj	~~	DevAdj	1	1		0.0519199233492635	0.00902157652043548	5.75508318658669	8.65991389709109e-09	0.0342379582854378	0.0696018884130892	1	1
EmoDiss	~~	EmoDiss	1	1		0.677633262832957	0.0314889688057152	21.5197032019025	0	0.61591601806345	0.739350507602464	1	1
QualEngag	~~	QualEngag	1	1		0.812900594039741	0.0366689904168009	22.1686112652638	0	0.741030693473367	0.884770494606115	1	1
DevAdj	~~	EmoDiss	1	1		-0.121891909639964	0.0126626614542485	-9.62608927675847	0	-0.146710270038715	-0.0970735492412135	-0.649846077333162	-0.649846077333162
DevAdj	~~	QualEngag	1	1		0.118822562930452	0.0129781210119709	9.15560602500556	0	0.0933859131599869	0.144259212700918	0.578379876018347	0.578379876018347
EmoDiss	~~	QualEngag	1	1		-0.0700669906750234	0.0231862605515293	-3.02191854177201	0.00251178130786323	-0.115511226292183	-0.0246227550578642	-0.09440551958421	-0.09440551958421
sbvalued	~1		1	1	.p67.	3.02438603190295	0.0198803422326296	152.129475263209	0	2.98542127712667	3.06335078667924	3.02438603190295	4.18595012440465
sbmyself	~1		1	1	.p68.	3.01951402825532	0.0200091112356696	150.906953971676	0	2.98029689087075	3.05873116563989	3.01951402825532	4.09735305144615
sbcommunity	~1		1	1	.p69.	3.03189631306385	0.0201211195899982	150.682286813252	0	2.99245964333883	3.07133298278887	3.03189631306385	4.21573920486023
pganalyze	~1		1	1	.p70.	3.11220399597241	0.0173570059927372	179.305347781447	0	3.0781848893472	3.14622310259762	3.11220399597241	4.49688369545238
pgthink	~1		1	1	.p71.	3.11808171461429	0.0171771025529603	181.5254758479	0	3.08441521225173	3.15174821697684	3.11808171461429	4.86703565307543
pgwork	~1		1	1	.p72.	3.10982124134739	0.0173638361390286	179.097592055563	0	3.07578874788144	3.14385373481334	3.10982124134739	4.65595364537995
pgvalues	~1		1	1	.p73.	3.09710056467827	0.0176097304403359	175.874388036299	0	3.06258612723775	3.13161500211878	3.09710056467827	4.38965345138392
pgprobsolve	~1		1	1	.p74.	3.10829858128101	0.0170661001909106	182.132915341519	0	3.07484963955027	3.14174752301175	3.10829858128101	4.82243134950958
SEacademic	~1		1	1	.p75.	3.0302037844827	0.0188882444923199	160.428026316305	0	2.99318350554657	3.06722406341884	3.0302037844827	4.37172628447428
SEwellness	~1		1	1	.p76.	3.02432829975917	0.0193112628493378	156.609555954693	0	2.98647892007848	3.06217767943986	3.02432829975917	4.22850463647428
SEnonacad	~1		1	1	.p77.	3.03660057972614	0.0196152368164199	154.808254835048	0	2.99815542201774	3.07504573743455	3.03660057972614	4.01795294235835
SEactivities	~1		1	1	.p78.	3.01094206955285	0.0194773507462238	154.586838260671	0	2.972767163576	3.04911697552971	3.01094206955285	4.00110744625213
SEdiverse	~1		1	1	.p79.	3.02438865805538	0.019710894834503	153.437410297646	0	2.9857560140767	3.06302130203406	3.02438865805538	4.08340683359718
sameinst	~1		1	1	.p80.	3.14717048324982	0.0179282357983206	175.542675735257	0	3.11203178677877	3.18230917972087	3.14717048324982	5.14441492761979
evalexp	~1		1	1	.p81.	3.14559467130874	0.0180683402900319	174.09427876694	0	3.11018137507987	3.18100796753762	3.14559467130874	5.07075901040436
MHWdacad	~1		1	1	.p82.	3.2554503259566	0.0268547788860047	121.224246149097	0	3.20281592652725	3.30808472538596	3.2554503259566	3.45848978256645
MHWdlonely	~1		1	1	.p83.	3.24354232870974	0.026361555290381	123.040628406825	0	3.19187462976413	3.29521002765535	3.24354232870974	3.51199589588307
MHWdmental	~1		1	1	.p84.	3.25574820115064	0.0266566130207491	122.13660447471	0	3.20350219968015	3.30799420262113	3.25574820115064	3.63573192648584
MHWdexhaust	~1		1	1	.p85.	3.2546311931989	0.0264795019996132	122.911344527795	0	3.2027323229511	3.3065300634467	3.2546311931989	3.57653323085725
MHWdsleep	~1		1	1	.p86.	3.25921110401077	0.0265912182579318	122.567197651375	0	3.20709327392018	3.31132893410136	3.25921110401077	3.4753256068963
MHWdfinancial	~1		1	1	.p87.	3.24879643886109	0.0278093243533089	116.823997504798	0	3.19429116469421	3.30330171302797	3.24879643886109	3.23038691561681
QIadmin	~1		1	1	.p88.	5.28799144035146	0.0291233774309488	181.572053340627	0	5.23091066947864	5.34507221122429	5.28799144035146	5.11143381049866
QIstudent	~1		1	1	.p89.	5.28132544124698	0.0284452551238395	185.666305971036	0	5.2255737656732	5.33707711682076	5.28132544124698	5.19381382572366
QIadvisor	~1		1	1	.p90.	5.27969150229009	0.028781178837967	183.442503589371	0	5.22328142833507	5.33610157624512	5.27969150229009	5.28831182719205
QIfaculty	~1		1	1	.p91.	5.28033598290533	0.028481909937089	185.39262270573	0	5.22451246521772	5.33615950059293	5.28033598290533	5.3959041790109
QIstaff	~1		1	1	.p92.	5.26855106419373	0.0283736778246463	185.684460673523	0	5.21293967754848	5.32416245083898	5.26855106419373	5.25605067296298
Belong	~1		1	1		0	0	NA	NA	0	0	0	0
Gains	~1		1	1		0	0	NA	NA	0	0	0	0
SupportEnv	~1		1	1		0	0	NA	NA	0	0	0	0
Satisf	~1		1	1		0	0	NA	NA	0	0	0	0
DevAdj	~1		1	1		0	0	NA	NA	0	0	0	0
EmoDiss	~1		1	1		0	0	NA	NA	0	0	0	0
QualEngag	~1		1	1		0	0	NA	NA	0	0	0	0
Belong	=~	sbvalued	2	2		1	0	NA	NA	1	1	0.655788013842936	0.855210174949635
Belong	=~	sbmyself	2	2	.p2.	0.978544146584964	0.0148802566390713	65.7612412420084	0	0.949379379491672	1.00770891367826	0.641717522346585	0.839129543484759
Belong	=~	sbcommunity	2	2	.p3.	1.00933147502513	0.0143906807299612	70.1378547662249	0	0.981126259081391	1.03753669096887	0.661907483315891	0.874972679960286
Gains	=~	pganalyze	2	2		1	0	NA	NA	1	1	0.514770157219207	0.722620832936624
Gains	=~	pgthink	2	2	.p5.	1.01502641236178	0.0221722568045349	45.7791203353813	0	0.971569587568917	1.05848323715464	0.522505305873121	0.795974763950486
Gains	=~	pgwork	2	2	.p6.	0.998461478871566	0.0217356541515898	45.9365737008902	0	0.955860379554031	1.0410625781891	0.513978172456038	0.74048290491807
Gains	=~	pgvalues	2	2	.p7.	0.995640496927335	0.0230730987812366	43.1515725896777	0	0.950418054304376	1.04086293955029	0.512526015137094	0.701133680290373
Gains	=~	pgprobsolve	2	2	.p8.	0.985859008612567	0.0219898623895111	44.8324319247587	0	0.942759670304134	1.028958346921	0.507490796859463	0.747266371947727
SupportEnv	=~	SEacademic	2	2		1	0	NA	NA	1	1	0.582711507122191	0.817432592527031
SupportEnv	=~	SEwellness	2	2	.p10.	1.02101115041871	0.0170191900596991	59.9917591164595	0	0.98765415085566	1.05436814998176	0.59495494624905	0.799918502212439
SupportEnv	=~	SEnonacad	2	2	.p11.	1.01954756068566	0.0178518850589872	57.1114791136517	0	0.984558508913897	1.05453661245742	0.594102095669894	0.776686638061575
SupportEnv	=~	SEactivities	2	2	.p12.	0.981061224192766	0.0184330185100313	53.2230368921329	0	0.944933171786744	1.01718927659879	0.571675664528508	0.725708319523686
SupportEnv	=~	SEdiverse	2	2	.p13.	1.01487396700251	0.0178217515469474	56.9458038021152	0	0.979943975829073	1.04980395817595	0.591378738851109	0.782094358221305
Satisf	=~	sameinst	2	2		1	0	NA	NA	1	1	0.562825931151622	0.866367512050035
Satisf	=~	evalexp	2	2	.p15.	0.969449750704285	0.028564000097214	33.939565446187	0	0.913465339259347	1.02543416214922	0.545631458644846	0.843282409887806
DevAdj	=~	Belong	2	2		1	0	NA	NA	1	1	0.316796066642691	0.316796066642691
DevAdj	=~	Gains	2	2	.p17.	0.39474059563419	0.0487398788041251	8.09892443968862	4.44089209850063e-16	0.299212188567258	0.490269002701123	0.159309504125564	0.159309504125564
DevAdj	=~	SupportEnv	2	2	.p18.	0.85076956644275	0.0590039433842124	14.4188594464415	0	0.735123962463853	0.966415170421647	0.303320390832889	0.303320390832889
DevAdj	=~	Satisf	2	2	.p19.	0.926261693048373	0.0619258251938011	14.9575995176419	0	0.8048893059556	1.04763408014115	0.341902959704187	0.341902959704187
EmoDiss	=~	MHWdacad	2	2		1	0	NA	NA	1	1	0.990308379318101	0.902922469968576
EmoDiss	=~	MHWdlonely	2	2	.p21.	1.0043488642735	0.01049848323598	95.6660921104715	0	0.983772215238682	1.02492551330832	0.994615096048666	0.926901070973899
EmoDiss	=~	MHWdmental	2	2	.p22.	1.00007252119401	0.00985393536133596	101.489657129071	0	0.980759162779808	1.01938587960822	0.99038019766421	0.938117125827761
EmoDiss	=~	MHWdexhaust	2	2	.p23.	1.00625590418615	0.00990536617980274	101.586946501577	0	0.986841743220056	1.02567006515225	0.996503653653858	0.935094165475782
EmoDiss	=~	MHWdsleep	2	2	.p24.	1.00075479833371	0.0106848088965822	93.6614597434524	0	0.97981295771472	1.02169663895271	0.991055862432674	0.918245486619665
EmoDiss	=~	MHWdfinancial	2	2	.p25.	0.998180451234385	0.012329402526286	80.9593529861877	0	0.974015266331967	1.0223456361368	0.988506464928935	0.85998569284776
QualEngag	=~	QIadmin	2	2		1	0	NA	NA	1	1	0.969928602139096	0.883928472874844
QualEngag	=~	QIstudent	2	2	.p27.	0.989542497905563	0.0114566811890719	86.3725263516498	0	0.967087815392625	1.0119971804185	0.959785571750773	0.898843462666213
QualEngag	=~	QIadvisor	2	2	.p28.	0.998532839057562	0.0109657709034436	91.0590644150695	0	0.977040323024095	1.02002535509103	0.968505560777084	0.919962977006375
QualEngag	=~	QIfaculty	2	2	.p29.	1.00230446602153	0.0105740466434096	94.7891095833421	0	0.981579715429596	1.02302921661345	0.972163769646031	0.930823085291121
QualEngag	=~	QIstaff	2	2	.p30.	0.993274327104471	0.0109576713966504	90.6464787224869	0	0.971797685812612	1.01475096839633	0.963405179629091	0.914731764068518
sbvalued	~~	sbvalued	2	2		0.157947367336797	0.00806029214688263	19.59573728328	0	0.142149485024036	0.173745249649558	0.157947367336797	0.268615556662614
sbmyself	~~	sbmyself	2	2		0.173028796798416	0.00805856714808253	21.4714096959019	0	0.157234295421177	0.188823298175655	0.173028796798416	0.29586160925106
sbcommunity	~~	sbcommunity	2	2		0.134154567255189	0.00750216164552263	17.8821216595958	0	0.119450600623767	0.148858533886611	0.134154567255189	0.234422809323114
pganalyze	~~	pganalyze	2	2		0.24247630315704	0.00888777678858777	27.2819973908872	0	0.225056580748777	0.259896025565303	0.24247630315704	0.47781913180598
pgthink	~~	pgthink	2	2		0.157894474101729	0.00664154707794731	23.773749135349	0	0.144877281027325	0.170911667176133	0.157894474101729	0.366424175153968
pgwork	~~	pgwork	2	2		0.217618098678089	0.00899685585805919	24.1882388816035	0	0.199984585222195	0.235251612133983	0.217618098678089	0.451685067524097
pgvalues	~~	pgvalues	2	2		0.27167244304826	0.0098521736359823	27.574873635606	0	0.2523625375523	0.290982348544221	0.27167244304826	0.508411562362477
pgprobsolve	~~	pgprobsolve	2	2		0.203670258444244	0.00830540070457907	24.5226287916431	0	0.187391972186095	0.219948544702392	0.203670258444244	0.441592969356081
SEacademic	~~	SEacademic	2	2		0.168610590651716	0.00678315137080026	24.8572649252001	0	0.155315858263264	0.181905323040168	0.168610590651716	0.331803956674537
SEwellness	~~	SEwellness	2	2		0.199221610059836	0.008359569859379	23.8315623185228	0	0.182837154209206	0.215606065910465	0.199221610059836	0.360130389818208
SEnonacad	~~	SEnonacad	2	2		0.232143243029424	0.00878719497388077	26.4183557687579	0	0.214920657355486	0.249365828703361	0.232143243029424	0.396757866256608
SEactivities	~~	SEactivities	2	2		0.293734686780059	0.0107049079697009	27.4392538087617	0	0.272753452701629	0.314715920858488	0.293734686780059	0.473347434974108
SEdiverse	~~	SEdiverse	2	2		0.222030316233377	0.00866206899172495	25.6324806977972	0	0.205052972977995	0.239007659488759	0.222030316233377	0.388328414838406
sameinst	~~	sameinst	2	2		0.105257512091661	0.0113431721985227	9.27937178855223	0	0.0830253031121208	0.127489721071202	0.105257512091661	0.249407334064232
evalexp	~~	evalexp	2	2		0.120937878046707	0.0108681679400891	11.127715242659	0	0.0996366603061994	0.142239095787214	0.120937878046707	0.288874777173815
MHWdacad	~~	MHWdacad	2	2		0.222218288285823	0.00904433181579378	24.569895577888	0	0.204491723662638	0.239944852909009	0.222218288285823	0.184731013225847
MHWdlonely	~~	MHWdlonely	2	2		0.162186147353693	0.00719348424204637	22.5462574041248	0	0.148087177315925	0.17628511739146	0.162186147353693	0.14085440462744
MHWdmental	~~	MHWdmental	2	2		0.13367194377388	0.00608092251600442	21.9821817203011	0	0.121753554649733	0.145590332898027	0.13367194377388	0.119936258228661
MHWdexhaust	~~	MHWdexhaust	2	2		0.142637243695814	0.00633715087539718	22.5081028525889	0	0.130216656215439	0.155057831176188	0.142637243695814	0.125598901693152
MHWdsleep	~~	MHWdsleep	2	2		0.18268150797757	0.00788590559048306	23.1655712690798	0	0.16722541703474	0.1981375989204	0.18268150797757	0.156825226302614
MHWdfinancial	~~	MHWdfinancial	2	2		0.344079338755792	0.0133062680129912	25.8584404297178	0	0.317999532681692	0.370159144829892	0.344079338755792	0.260424608097158
QIadmin	~~	QIadmin	2	2		0.263290624167607	0.0106025148508292	24.8328465342366	0	0.242510076914431	0.284071171420783	0.263290624167607	0.218670454841146
QIstudent	~~	QIstudent	2	2		0.219009737251442	0.00907303674743135	24.1385264215363	0	0.201226911996068	0.236792562506815	0.219009737251442	0.192080429622212
QIadvisor	~~	QIadvisor	2	2		0.170312811411371	0.00752521680462906	22.6322796848331	0	0.155563657498442	0.185061965324299	0.170312811411371	0.153668120937567
QIfaculty	~~	QIfaculty	2	2		0.145696206329784	0.00648926990772057	22.4518641390525	0	0.132977471024692	0.158414941634876	0.145696206329784	0.133568383889119
QIstaff	~~	QIstaff	2	2		0.181103003764704	0.00770890308078788	23.4927073108558	0	0.16599383136605	0.196212176163358	0.181103003764704	0.163265799804097
Belong	~~	Belong	2	2		0.386897414782465	0.0153294586430049	25.2388178729987	0	0.356852227939679	0.416942601625251	0.89964025215972	0.89964025215972
Gains	~~	Gains	2	2		0.258263039031405	0.0120960021269416	21.3511072766903	0	0.234555310505679	0.28197076755713	0.974620481895267	0.974620481895267
SupportEnv	~~	SupportEnv	2	2		0.308312745313279	0.012366983527865	24.9303109863934	0	0.284073903001263	0.332551587625294	0.907996740504983	0.907996740504983
Satisf	~~	Satisf	2	2		0.279743011243777	0.014700398836915	19.0296205121523	0	0.250930758965049	0.308555263522505	0.883102366145517	0.883102366145517
DevAdj	~~	DevAdj	2	2		0.0431605043175981	0.00810970435941058	5.32208110244046	1.02586813932604e-07	0.0272657758478859	0.0590552327873103	1	1
EmoDiss	~~	EmoDiss	2	2		0.980710686147645	0.0369351858233255	26.5522066367486	0	0.908319052171632	1.05310232012366	1	1
QualEngag	~~	QualEngag	2	2		0.940761493247501	0.0353204806517633	26.6350139037685	0	0.871534623253402	1.0099883632416	1	1
DevAdj	~~	EmoDiss	2	2		-0.17496043450751	0.0145937509915522	-11.9887227491265	0	-0.203563660850298	-0.146357208164722	-0.850405655020461	-0.850405655020461
DevAdj	~~	QualEngag	2	2		0.143598188756276	0.0119851280102184	11.9813646240445	0	0.120107769506145	0.167088608006406	0.712633017940243	0.712633017940243
EmoDiss	~~	QualEngag	2	2		-0.156725021051887	0.0246941790868319	-6.34663823003781	2.20070850431853e-10	-0.20512472268986	-0.108325319413915	-0.163165417551364	-0.163165417551364
sbvalued	~1		2	2	.p67.	3.02438603190295	0.0198803422326295	152.129475263209	0	2.98542127712667	3.06335078667924	3.02438603190295	3.94408810905536
sbmyself	~1		2	2	.p68.	3.01951402825532	0.0200091112356695	150.906953971676	0	2.98029689087075	3.05873116563989	3.01951402825532	3.94840929200505
sbcommunity	~1		2	2	.p69.	3.03189631306385	0.0201211195899982	150.682286813252	0	2.99245964333883	3.07133298278887	3.03189631306385	4.00785080886772
pganalyze	~1		2	2	.p70.	3.11220399597241	0.0173570059927372	179.305347781447	0	3.0781848893472	3.14622310259762	3.11220399597241	4.36883026783658
pgthink	~1		2	2	.p71.	3.11808171461429	0.0171771025529603	181.5254758479	0	3.08441521225174	3.15174821697684	3.11808171461429	4.75002708847346
pgwork	~1		2	2	.p72.	3.10982124134739	0.0173638361390286	179.097592055563	0	3.07578874788144	3.14385373481334	3.10982124134739	4.48028649848121
pgvalues	~1		2	2	.p73.	3.09710056467827	0.0176097304403359	175.874388036299	0	3.06258612723775	3.13161500211878	3.09710056467827	4.23682204026546
pgprobsolve	~1		2	2	.p74.	3.10829858128101	0.0170661001909106	182.13291534152	0	3.07484963955027	3.14174752301175	3.10829858128101	4.57688497631485
SEacademic	~1		2	2	.p75.	3.0302037844827	0.0188882444923199	160.428026316305	0	2.99318350554657	3.06722406341884	3.0302037844827	4.25079529949201
SEwellness	~1		2	2	.p76.	3.02432829975917	0.0193112628493378	156.609555954694	0	2.98647892007848	3.06217767943986	3.02432829975917	4.06621741527527
SEnonacad	~1		2	2	.p77.	3.03660057972614	0.0196152368164198	154.808254835048	0	2.99815542201774	3.07504573743455	3.03660057972614	3.96983466746395
SEactivities	~1		2	2	.p78.	3.01094206955285	0.0194773507462238	154.586838260671	0	2.972767163576	3.04911697552971	3.01094206955285	3.82221221762258
SEdiverse	~1		2	2	.p79.	3.02438865805538	0.0197108948345029	153.437410297646	0	2.9857560140767	3.06302130203406	3.02438865805538	3.99973342147685
sameinst	~1		2	2	.p80.	3.14717048324982	0.0179282357983206	175.542675735257	0	3.11203178677877	3.18230917972087	3.14717048324982	4.84449296071244
evalexp	~1		2	2	.p81.	3.14559467130874	0.0180683402900319	174.09427876694	0	3.11018137507987	3.18100796753762	3.14559467130874	4.86156839552406
MHWdacad	~1		2	2	.p82.	3.25545032595661	0.0268547788860047	121.224246149097	0	3.20281592652725	3.30808472538596	3.25545032595661	2.9681857798646
MHWdlonely	~1		2	2	.p83.	3.24354232870974	0.026361555290381	123.040628406825	0	3.19187462976413	3.29521002765535	3.24354232870974	3.02271991464236
MHWdmental	~1		2	2	.p84.	3.25574820115064	0.0266566130207491	122.13660447471	0	3.20350219968015	3.30799420262113	3.25574820115064	3.08394003846783
MHWdexhaust	~1		2	2	.p85.	3.2546311931989	0.0264795019996132	122.911344527795	0	3.2027323229511	3.3065300634467	3.2546311931989	3.05406470751678
MHWdsleep	~1		2	2	.p86.	3.25921110401078	0.0265912182579318	122.567197651375	0	3.20709327392019	3.31132893410137	3.25921110401078	3.01976508049959
MHWdfinancial	~1		2	2	.p87.	3.24879643886109	0.0278093243533089	116.823997504798	0	3.19429116469421	3.30330171302797	3.24879643886109	2.82640382791644
QIadmin	~1		2	2	.p88.	5.28799144035146	0.0291233774309488	181.572053340627	0	5.23091066947864	5.34507221122429	5.28799144035146	4.81912399339142
QIstudent	~1		2	2	.p89.	5.28132544124698	0.0284452551238395	185.666305971036	0	5.2255737656732	5.33707711682076	5.28132544124698	4.94598479785261
QIadvisor	~1		2	2	.p90.	5.27969150229009	0.028781178837967	183.442503589371	0	5.22328142833507	5.33610157624512	5.27969150229009	5.01506744909645
QIfaculty	~1		2	2	.p91.	5.28033598290533	0.028481909937089	185.39262270573	0	5.22451246521772	5.33615950059294	5.28033598290533	5.05579284524381
QIstaff	~1		2	2	.p92.	5.26855106419373	0.0283736778246463	185.684460673522	0	5.21293967754848	5.32416245083897	5.26855106419373	5.00237191052929
Belong	~1		2	2		-0.136815617243921	0.0204536342317442	-6.68906149849801	2.24606999665866e-11	-0.176904003691095	-0.0967272307967468	-0.208627810139709	-0.208627810139709
Gains	~1		2	2		-0.0409685883853622	0.023210515700033	-1.76508738172086	0.0775490810275836	-0.0864603632200283	0.0045231864493039	-0.0795861761036709	-0.0795861761036709
SupportEnv	~1		2	2		-0.130777458097388	0.0225911385871018	-5.78888299910893	7.08560299322869e-09	-0.17505527609786	-0.0864996400969149	-0.224429166918724	-0.224429166918724
Satisf	~1		2	2		-0.00950213464934042	0.0217364669836048	-0.437151753157843	0.662001296782118	-0.0521048270883498	0.033100557789669	-0.016882901308221	-0.016882901308221
DevAdj	~1		2	2		-0.289209697533075	0.0140726933203789	-20.5511262804446	0	-0.316791669606495	-0.261627725459655	-1.39209731535345	-1.39209731535345
EmoDiss	~1		2	2		0.898433973296514	0.035210231618636	25.5162755822655	0	0.829423187436674	0.967444759156354	0.907226468097898	0.907226468097898
QualEngag	~1		2	2		-0.573285782783783	0.0364739437509301	-15.717680180092	0	-0.644773398909745	-0.50179816665782	-0.591059776481948	-0.591059776481948
Belong	=~	sbvalued	3	3		1	0	NA	NA	1	1	0.672354013906858	0.8839423010625
Belong	=~	sbmyself	3	3	.p2.	0.978544146584963	0.0148802566390713	65.7612412420084	0	0.949379379491671	1.00770891367826	0.657928084741461	0.826064887170446
Belong	=~	sbcommunity	3	3	.p3.	1.00933147502513	0.0143906807299612	70.1378547662249	0	0.981126259081391	1.03753669096887	0.678628068595675	0.897900860472698
Gains	=~	pganalyze	3	3		1	0	NA	NA	1	1	0.508940396892856	0.734546127058551
Gains	=~	pgthink	3	3	.p5.	1.01502641236178	0.0221722568045349	45.7791203353813	0	0.971569587568917	1.05848323715464	0.516587945164136	0.774694704485042
Gains	=~	pgwork	3	3	.p6.	0.998461478871565	0.0217356541515898	45.9365737008902	0	0.955860379554031	1.0410625781891	0.508157381339123	0.738989399830215
Gains	=~	pgvalues	3	3	.p7.	0.995640496927334	0.0230730987812366	43.1515725896776	0	0.950418054304375	1.04086293955029	0.506721669668798	0.70806258542633
Gains	=~	pgprobsolve	3	3	.p8.	0.985859008612567	0.0219898623895111	44.8324319247587	0	0.942759670304133	1.028958346921	0.501743475123677	0.75629073883277
SupportEnv	=~	SEacademic	3	3		1	0	NA	NA	1	1	0.605677856772223	0.831517585852679
SupportEnv	=~	SEwellness	3	3	.p10.	1.02101115041871	0.0170191900596992	59.9917591164594	0	0.987654150855659	1.05436814998176	0.618403845326147	0.823885516096559
SupportEnv	=~	SEnonacad	3	3	.p11.	1.01954756068566	0.0178518850589873	57.1114791136516	0	0.984558508913896	1.05453661245742	0.617517381433439	0.7764648628176
SupportEnv	=~	SEactivities	3	3	.p12.	0.981061224192765	0.0184330185100313	53.2230368921328	0	0.944933171786743	1.01718927659879	0.594207059631407	0.73870532998209
SupportEnv	=~	SEdiverse	3	3	.p13.	1.01487396700251	0.0178217515469474	56.9458038021152	0	0.979943975829073	1.04980395817595	0.614686689228005	0.789484970522607
Satisf	=~	sameinst	3	3		1	0	NA	NA	1	1	0.597678374483926	0.885745829782683
Satisf	=~	evalexp	3	3	.p15.	0.969449750704284	0.028564000097214	33.9395654461869	0	0.913465339259346	1.02543416214922	0.579419151144784	0.856094571663459
DevAdj	=~	Belong	3	3		1	0	NA	NA	1	1	0.464782035767026	0.464782035767026
DevAdj	=~	Gains	3	3	.p17.	0.394740595634191	0.0487398788041248	8.09892443968869	4.44089209850063e-16	0.299212188567259	0.490269002701123	0.242377445353783	0.242377445353783
DevAdj	=~	SupportEnv	3	3	.p18.	0.850769566442749	0.0590039433842116	14.4188594464417	0	0.735123962463854	0.966415170421644	0.43895255917343	0.43895255917343
DevAdj	=~	Satisf	3	3	.p19.	0.926261693048373	0.0619258251937995	14.9575995176422	0	0.804889305955603	1.04763408014114	0.484298916082425	0.484298916082425
EmoDiss	=~	MHWdacad	3	3		1	0	NA	NA	1	1	0.975593026992197	0.900605172179892
EmoDiss	=~	MHWdlonely	3	3	.p21.	1.0043488642735	0.01049848323598	95.6660921104715	0	0.983772215238681	1.02492551330832	0.979835748652758	0.9314345691989
EmoDiss	=~	MHWdmental	3	3	.p22.	1.00007252119401	0.00985393536133595	101.489657129071	0	0.980759162779808	1.01938587960822	0.975663778163384	0.939274924997447
EmoDiss	=~	MHWdexhaust	3	3	.p23.	1.00625590418615	0.00990536617980274	101.586946501577	0	0.986841743220056	1.02567006515225	0.981696243493737	0.932053435733657
EmoDiss	=~	MHWdsleep	3	3	.p24.	1.00075479833371	0.0106848088965822	93.6614597434523	0	0.979812957714719	1.02169663895271	0.976329402983353	0.91663021206871
EmoDiss	=~	MHWdfinancial	3	3	.p25.	0.998180451234384	0.012329402526286	80.9593529861878	0	0.974015266331967	1.0223456361368	0.97381788790419	0.855417982429075
QualEngag	=~	QIadmin	3	3		1	0	NA	NA	1	1	0.964472485409025	0.89060596833277
QualEngag	=~	QIstudent	3	3	.p27.	0.989542497905563	0.0114566811890719	86.3725263516497	0	0.967087815392625	1.0119971804185	0.954386512372833	0.884248507963342
QualEngag	=~	QIadvisor	3	3	.p28.	0.998532839057562	0.0109657709034435	91.0590644150695	0	0.977040323024095	1.02002535509103	0.963057449048376	0.913209400114084
QualEngag	=~	QIfaculty	3	3	.p29.	1.00230446602152	0.0105740466434096	94.789109583342	0	0.981579715429595	1.02302921661345	0.966695079480345	0.934026331236358
QualEngag	=~	QIstaff	3	3	.p30.	0.993274327104471	0.0109576713966504	90.6464787224869	0	0.971797685812612	1.01475096839633	0.957985758955426	0.907865332454972
sbvalued	~~	sbvalued	3	3		0.126499765954265	0.0101007667914078	12.5237784978731	0	0.106702626826867	0.146296905081662	0.126499765954265	0.218646008392333
sbmyself	~~	sbmyself	3	3		0.20148002444497	0.0125063563253975	16.1102098167322	0	0.176968016469366	0.225992032420573	0.20148002444497	0.317616802184078
sbcommunity	~~	sbcommunity	3	3		0.110688490801709	0.00931284801583795	11.8855682615529	0	0.0924356440971717	0.128941337506247	0.110688490801709	0.193774044762388
pganalyze	~~	pganalyze	3	3		0.221039872529648	0.0117727593703711	18.7755364376127	0	0.197965688165064	0.244114056894232	0.221039872529648	0.460441987223283
pgthink	~~	pgthink	3	3		0.177796174818246	0.0107869358395088	16.4825468013855	0	0.156654169069264	0.198938180567227	0.177796174818246	0.399848114842834
pgwork	~~	pgwork	3	3		0.214622445486046	0.0117811947887337	18.2173751758429	0	0.191531728005278	0.237713162966815	0.214622445486046	0.453894666938579
pgvalues	~~	pgvalues	3	3		0.255381361683175	0.0151283439901131	16.8809859063276	0	0.225730352316821	0.28503237104953	0.255381361683175	0.498647375119381
pgprobsolve	~~	pgprobsolve	3	3		0.188388482004085	0.0108123332505027	17.4234809119785	0	0.167196698244255	0.209580265763915	0.188388482004085	0.428024318355783
SEacademic	~~	SEacademic	3	3		0.163721677365434	0.0100373304248375	16.3112770463651	0	0.144048871231824	0.183394483499043	0.163721677365434	0.308578504417733
SEwellness	~~	SEwellness	3	3		0.180968620457205	0.0114188752718798	15.8482001202745	0	0.158588036180365	0.203349204734044	0.180968620457205	0.321212656366306
SEnonacad	~~	SEnonacad	3	3		0.25116387715062	0.0136858429367706	18.3520940807967	0	0.224340117896478	0.277987636404763	0.25116387715062	0.397102316809646
SEactivities	~~	SEactivities	3	3		0.293960979404087	0.0157214542987727	18.6980780414846	0	0.2631474951939	0.324774463614274	0.293960979404087	0.454314435456051
SEdiverse	~~	SEdiverse	3	3		0.228365790472858	0.012337544838179	18.5098245613804	0	0.204184646932379	0.252546934013337	0.228365790472858	0.376713481318918
sameinst	~~	sameinst	3	3		0.0981006914442442	0.0130116417884062	7.53945528470165	4.72955008490317e-14	0.0725983421592317	0.123603040729257	0.0981006914442442	0.215454325022586
evalexp	~~	evalexp	3	3		0.122354368998653	0.01260285461767	9.70846468601676	0	0.097653227845625	0.14705551015168	0.122354368998653	0.267102084368358
MHWdacad	~~	MHWdacad	3	3		0.221678816437863	0.0140020537933508	15.8318786450551	0	0.194235295293303	0.249122337582423	0.221678816437863	0.188910323842827
MHWdlonely	~~	MHWdlonely	3	3		0.146550419332356	0.00929340707305389	15.769288720525	0	0.128335676175501	0.164765162489212	0.146550419332356	0.132429643301259
MHWdmental	~~	MHWdmental	3	3		0.127063949069882	0.00843111723693452	15.0708317176813	0	0.110539262936056	0.143588635203709	0.127063949069882	0.117762615271039
MHWdexhaust	~~	MHWdexhaust	3	3		0.145632823659724	0.00932091207129403	15.6243104264694	0	0.127364171696923	0.163901475622525	0.145632823659724	0.131276392937086
MHWdsleep	~~	MHWdsleep	3	3		0.181280641290457	0.0109349365521724	16.5781155131113	0	0.159848559474968	0.202712723105945	0.181280641290457	0.159789054322871
MHWdfinancial	~~	MHWdfinancial	3	3		0.347660048496433	0.0190848684087359	18.2165284586031	0	0.310254393765625	0.385065703227242	0.347660048496433	0.268260075336971
QIadmin	~~	QIadmin	3	3		0.242551036925959	0.0128185372822938	18.9218965927567	0	0.217427165518179	0.267674908333739	0.242551036925959	0.206821009170049
QIstudent	~~	QIstudent	3	3		0.254076613817368	0.0151747121991506	16.74342224636	0	0.224334724431272	0.283818503203464	0.254076613817368	0.218104576164604
QIadvisor	~~	QIadvisor	3	3		0.184671058809494	0.0121427954098517	15.2082821604378	0	0.160871617134547	0.208470500484442	0.184671058809494	0.166048591543274
QIfaculty	~~	QIfaculty	3	3		0.136676483037919	0.00895546634641279	15.2617940541607	0	0.119124091534189	0.154228874541648	0.136676483037919	0.127594812557148
QIstaff	~~	QIstaff	3	3		0.19572487786459	0.0119671114410384	16.3552314883102	0	0.172269770441177	0.219179985288002	0.19572487786459	0.175780538126424
Belong	~~	Belong	3	3		0.354404877925577	0.0215907520167789	16.4146611313101	0	0.312087781573555	0.396721974277599	0.783977659228259	0.783977659228259
Gains	~~	Gains	3	3		0.243803705469894	0.014584177464431	16.7170007403229	0	0.215219242895469	0.27238816804432	0.941253173983774	0.941253173983774
SupportEnv	~~	SupportEnv	3	3		0.296162081965184	0.0176565194684702	16.7735256370345	0	0.261555939714652	0.330768224215716	0.807320650795097	0.807320650795097
Satisf	~~	Satisf	3	3		0.273435248710167	0.0205840222998834	13.283858942949	0	0.233091306345426	0.313779191074908	0.765454559881388	0.765454559881388
DevAdj	~~	DevAdj	3	3		0.0976550420910857	0.014586066418373	6.69509100603549	2.15536477554679e-11	0.0690668772349654	0.126243206947206	1	1
EmoDiss	~~	EmoDiss	3	3		0.951781754315797	0.0436787474940971	21.7905001613067	0	0.866172982337548	1.03739052629405	1	1
QualEngag	~~	QualEngag	3	3		0.930207175111062	0.0450427989252437	20.6516290573972	0	0.841924911454704	1.01848943876742	1	1
DevAdj	~~	EmoDiss	3	3		-0.224420418116885	0.0214174815030104	-10.4783757177678	0	-0.266397910502339	-0.182442925731432	-0.73611614629371	-0.73611614629371
DevAdj	~~	QualEngag	3	3		0.173844976115894	0.0184824335794222	9.40595703313915	0	0.137620071953572	0.210069880278215	0.576799621012443	0.576799621012443
EmoDiss	~~	QualEngag	3	3		-0.203016226597346	0.036097664774748	-5.62408199710928	1.86497055576496e-08	-0.273766349481853	-0.13226610371284	-0.215760639819318	-0.215760639819318
sbvalued	~1		3	3	.p67.	3.02438603190295	0.0198803422326295	152.129475263209	0	2.98542127712667	3.06335078667923	3.02438603190295	3.97615347427959
sbmyself	~1		3	3	.p68.	3.01951402825532	0.0200091112356696	150.906953971675	0	2.98029689087075	3.05873116563989	3.01951402825532	3.79116589321533
sbcommunity	~1		3	3	.p69.	3.03189631306385	0.0201211195899982	150.682286813252	0	2.99245964333883	3.07133298278887	3.03189631306385	4.01153803437211
pganalyze	~1		3	3	.p70.	3.11220399597241	0.0173570059927372	179.305347781447	0	3.0781848893472	3.14622310259762	3.11220399597241	4.49179787223482
pgthink	~1		3	3	.p71.	3.11808171461429	0.0171771025529603	181.525475847899	0	3.08441521225173	3.15174821697684	3.11808171461429	4.67599256830476
pgwork	~1		3	3	.p72.	3.10982124134739	0.0173638361390286	179.097592055563	0	3.07578874788144	3.14385373481334	3.10982124134739	4.52246689139184
pgvalues	~1		3	3	.p73.	3.09710056467827	0.0176097304403359	175.874388036299	0	3.06258612723775	3.13161500211878	3.09710056467827	4.32770328252349
pgprobsolve	~1		3	3	.p74.	3.10829858128101	0.0170661001909106	182.132915341519	0	3.07484963955027	3.14174752301175	3.10829858128101	4.68521773994252
SEacademic	~1		3	3	.p75.	3.0302037844827	0.0188882444923199	160.428026316305	0	2.99318350554657	3.06722406341883	3.0302037844827	4.160079004609
SEwellness	~1		3	3	.p76.	3.02432829975917	0.0193112628493379	156.609555954693	0	2.98647892007848	3.06217767943986	3.02432829975917	4.02924448307462
SEnonacad	~1		3	3	.p77.	3.03660057972614	0.0196152368164198	154.808254835048	0	2.99815542201774	3.07504573743455	3.03660057972614	3.81821422920231
SEactivities	~1		3	3	.p78.	3.01094206955285	0.0194773507462238	154.586838260671	0	2.972767163576	3.0491169755297	3.01094206955285	3.74313788265271
SEdiverse	~1		3	3	.p79.	3.02438865805538	0.0197108948345029	153.437410297646	0	2.9857560140767	3.06302130203406	3.02438865805538	3.88443321190593
sameinst	~1		3	3	.p80.	3.14717048324982	0.0179282357983206	175.542675735257	0	3.11203178677877	3.18230917972087	3.14717048324982	4.66403545813526
evalexp	~1		3	3	.p81.	3.14559467130874	0.0180683402900319	174.09427876694	0	3.11018137507987	3.18100796753762	3.14559467130874	4.6476311965878
MHWdacad	~1		3	3	.p82.	3.2554503259566	0.0268547788860047	121.224246149097	0	3.20281592652725	3.30808472538596	3.2554503259566	3.00522381793805
MHWdlonely	~1		3	3	.p83.	3.24354232870974	0.026361555290381	123.040628406825	0	3.19187462976413	3.29521002765535	3.24354232870974	3.08332029707441
MHWdmental	~1		3	3	.p84.	3.25574820115064	0.0266566130207491	122.13660447471	0	3.20350219968015	3.30799420262113	3.25574820115064	3.13432015812136
MHWdexhaust	~1		3	3	.p85.	3.2546311931989	0.0264795019996132	122.911344527795	0	3.2027323229511	3.30653006344669	3.2546311931989	3.09004970302335
MHWdsleep	~1		3	3	.p86.	3.25921110401077	0.0265912182579318	122.567197651375	0	3.20709327392018	3.31132893410136	3.25921110401077	3.05992153500372
MHWdfinancial	~1		3	3	.p87.	3.24879643886109	0.0278093243533089	116.823997504798	0	3.19429116469421	3.30330171302797	3.24879643886109	2.85379733682479
QIadmin	~1		3	3	.p88.	5.28799144035146	0.0291233774309488	181.572053340627	0	5.23091066947864	5.34507221122429	5.28799144035146	4.88299750227955
QIstudent	~1		3	3	.p89.	5.28132544124698	0.0284452551238395	185.666305971036	0	5.2255737656732	5.33707711682076	5.28132544124698	4.89320006197566
QIadvisor	~1		3	3	.p90.	5.27969150229009	0.028781178837967	183.442503589371	0	5.22328142833507	5.33610157624511	5.27969150229009	5.00641359906202
QIfaculty	~1		3	3	.p91.	5.28033598290533	0.028481909937089	185.39262270573	0	5.22451246521772	5.33615950059293	5.28033598290533	5.10189091730933
QIstaff	~1		3	3	.p92.	5.26855106419372	0.0283736778246462	185.684460673523	0	5.21293967754848	5.32416245083897	5.26855106419372	4.9929081082225
Belong	~1		3	3		-0.0828735649662749	0.025795174799195	-3.21275454077796	0.00131468594698569	-0.133431178547612	-0.0323159513849375	-0.123258823851917	-0.123258823851917
Gains	~1		3	3		-0.205111447183766	0.0307453547565773	-6.67129876391771	2.53550513917844e-11	-0.265371235198565	-0.144851659168967	-0.403016636989314	-0.403016636989314
SupportEnv	~1		3	3		-0.148949087345714	0.029564396872166	-5.03812365899964	4.70117690776206e-07	-0.206894240439808	-0.0910039342516205	-0.245921302356163	-0.245921302356163
Satisf	~1		3	3		-0.0765100510908945	0.0285333917381214	-2.6814215356205	0.00733101043454032	-0.132434471254385	-0.020585630927404	-0.128012078665149	-0.128012078665149
DevAdj	~1		3	3		-0.467177735528334	0.0197956572034049	-23.6000113928008	0	-0.505976510697309	-0.42837896035936	-1.49497799940119	-1.49497799940119
EmoDiss	~1		3	3		0.74245543669169	0.0429167540582258	17.2998972775152	0	0.658340144404205	0.826570728979176	0.761029872241624	0.761029872241624
QualEngag	~1		3	3		-0.729711415422789	0.0438393032612168	-16.6451417139273	0	-0.815634870922103	-0.643787959923475	-0.756591221068711	-0.756591221068711
