lhs	op	rhs	label	est	se	z	pvalue	ci.lower	ci.upper	std.lv	std.all	std.nox
Belong	=~	sbvalued		1	0	NA	NA	1	1	0.674362583360384	0.866163869445782	0.866163869445782
Belong	=~	sbmyself		0.98959786907028	0.0143389637610406	69.0146014427518	0	0.961494016523015	1.01770172161754	0.667347775474164	0.84168975258366	0.84168975258366
Belong	=~	sbcommunity		1.00801575000946	0.0137530498477518	73.2939792386662	0	0.981060267630287	1.03497123238864	0.679768105244337	0.890558695179083	0.890558695179083
Gains	=~	pganalyze		1	0	NA	NA	1	1	0.514834980293853	0.715117731508128	0.715117731508128
Gains	=~	pgthink		1.02746893470277	0.0205219723434079	50.0667731887291	0	0.987246608017967	1.06769126138758	0.528976948750248	0.788774520421116	0.788774520421116
Gains	=~	pgwork		1.03110303878524	0.0210511009248582	48.9809555550448	0	0.989843639137601	1.07236243843288	0.530847912653931	0.748703046747293	0.748703046747293
Gains	=~	pgvalues		1.0020881187078	0.0220773166277493	45.3899418848875	0	0.958817373242123	1.04535886417347	0.515910016847633	0.703613557871012	0.703613557871012
Gains	=~	pgprobsolve		1.00156175386071	0.0205599593275996	48.7141894544615	0	0.961264974055004	1.04185853366641	0.515639025811954	0.76019270337275	0.76019270337275
SupportEnv	=~	SEacademic		1	0	NA	NA	1	1	0.611264604548345	0.831357513832541	0.831357513832541
SupportEnv	=~	SEwellness		0.994539883327405	0.0152270488489574	65.314027241431	0	0.964695415992617	1.02438435066219	0.607927028489684	0.81170188317467	0.81170188317467
SupportEnv	=~	SEnonacad		1.00592680534817	0.0158841771767614	63.3288582816769	0	0.974794390157662	1.03705922053867	0.614887450875728	0.774972245628124	0.774972245628124
SupportEnv	=~	SEactivities		0.980626883516131	0.0167889474074407	58.4090747155195	0	0.94772115125921	1.01353261577305	0.599422504161964	0.737293880966424	0.737293880966424
SupportEnv	=~	SEdiverse		1.00603679412172	0.0157799974046301	63.7539264630378	0	0.975108567532505	1.03696502071093	0.614954683119895	0.78949706371442	0.78949706371442
Satisf	=~	sameinst		1	0	NA	NA	1	1	0.603519236886138	0.895041032825061	0.895041032825061
Satisf	=~	evalexp		0.969828779174417	0.0345380515670386	28.080008430469	0	0.902135442006834	1.037522116342	0.585310324717559	0.855535580242173	0.855535580242173
DevAdj	=~	Belong		1	0	NA	NA	1	1	0.45303110967005	0.45303110967005	0.45303110967005
DevAdj	=~	Gains		0.552390795764705	0.0505227139856102	10.9335139027178	0	0.453368095951691	0.651413495577719	0.327793153248444	0.327793153248444	0.327793153248444
DevAdj	=~	SupportEnv		1.06680030485319	0.0795382481094849	13.4124189331494	0	0.910908203165189	1.22269240654119	0.533181870989066	0.533181870989066	0.533181870989066
DevAdj	=~	Satisf		1.00916826808771	0.0737449037290314	13.6845831651744	0	0.864630912735434	1.15370562343998	0.51085066191569	0.51085066191569	0.51085066191569
EmoDiss	=~	MHWdacad		1	0	NA	NA	1	1	0.996463232347185	0.902925756765624	0.902925756765624
EmoDiss	=~	MHWdlonely		1.01334639277495	0.00951364360255325	106.515067739451	0	0.994699993952197	1.03199279159771	1.00976242203189	0.923565639080058	0.923565639080058
EmoDiss	=~	MHWdmental		1.01136237504176	0.00937925374267129	107.8297274804	0	0.992979375504267	1.02974537457926	1.00778542130844	0.942005960807824	0.942005960807824
EmoDiss	=~	MHWdexhaust		1.00100461880913	0.00930598897655375	107.565635563415	0	0.982765215574561	1.01924402204371	0.99746429805301	0.928058931386689	0.928058931386689
EmoDiss	=~	MHWdsleep		1.00923975829888	0.00987330006539204	102.219091044997	0	0.989888445762158	1.02859107083561	1.0056703117678	0.919780020947285	0.919780020947285
EmoDiss	=~	MHWdfinancial		0.991237011234099	0.0110206534536694	89.9435786998693	0	0.96963692737881	1.01283709508939	0.987731236236493	0.858281707171598	0.858281707171598
QualEngag	=~	QIadmin		1	0	NA	NA	1	1	0.989538463366295	0.887239074515852	0.887239074515852
QualEngag	=~	QIstudent		1.02150774898999	0.0106878432316747	95.5766029541512	0	1.00055996118349	1.04245553679648	1.01082120825231	0.906201142887447	0.906201142887447
QualEngag	=~	QIadvisor		1.0188329896561	0.00987400801324817	103.183326192272	0	0.999480289567069	1.03818568974512	1.00817443101118	0.928189660151491	0.928189660151491
QualEngag	=~	QIfaculty		1.01943283819925	0.00996655600587133	102.285366941068	0	0.999898747377843	1.03896692902066	1.00876800421683	0.93057624005448	0.93057624005448
QualEngag	=~	QIstaff		1.0205998968439	0.0103641853296622	98.4737212217678	0	1.00028646686866	1.04091332681913	1.00992285363471	0.918624256065562	0.918624256065562
DevAdj	~	x_FASt	c_total	0.0210682408252234	0.0127948659816791	1.64661676452032	0.0996368423956273	-0.00400923568588423	0.0461457173363311	0.0689615131611852	0.0344807565805926	0.0689615131611852
sbvalued	~~	sbvalued		0.151394449211361	0.0055228815834247	27.4122207627495	0	0.140569800216969	0.162219098205753	0.151394449211361	0.24976015126671	0.24976015126671
sbmyself	~~	sbmyself		0.183284548502627	0.00595693198917102	30.7682795163376	0	0.171609176345497	0.194959920659757	0.183284548502627	0.291558360395658	0.291558360395658
sbcommunity	~~	sbcommunity		0.120550189681897	0.00511278982780622	23.5781625574119	0	0.110529305758874	0.13057107360492	0.120550189681897	0.206905210440929	0.206905210440929
pganalyze	~~	pganalyze		0.253244695323115	0.00624711631113845	40.5378550214579	0	0.241000572346051	0.265488818300179	0.253244695323115	0.488606630082669	0.488606630082669
pgthink	~~	pgthink		0.169929841672541	0.00469363560627367	36.2043106723937	0	0.16073048492769	0.179129198417392	0.169929841672541	0.377834755934438	0.377834755934438
pgwork	~~	pgwork		0.220914548212822	0.00564702117209244	39.1205454133201	0	0.209846590095586	0.231982506330059	0.220914548212822	0.439443747791321	0.439443747791321
pgvalues	~~	pgvalues		0.271461936551152	0.00644513205744355	42.1189099201836	0	0.258829709842959	0.284094163259346	0.271461936551152	0.504927961180095	0.504927961180095
pgprobsolve	~~	pgprobsolve		0.194207847396166	0.00523342280029327	37.1091453542187	0	0.18395052719172	0.204465167600611	0.194207847396166	0.422107053738831	0.422107053738831
SEacademic	~~	SEacademic		0.166964051726681	0.00462160954264985	36.1268190628995	0	0.15790586347248	0.176022239980881	0.166964051726681	0.308844684194177	0.308844684194177
SEwellness	~~	SEwellness		0.191356187847011	0.00496947176331335	38.5063437244336	0	0.181616202168728	0.201096173525294	0.191356187847011	0.341140052850693	0.341140052850693
SEnonacad	~~	SEnonacad		0.251447089922839	0.00640982254155703	39.2284011441226	0	0.238884068594094	0.264010111251583	0.251447089922839	0.399418018506102	0.399418018506102
SEactivities	~~	SEactivities		0.301667349004789	0.00720335351919707	41.8787372021712	0	0.287549035539253	0.315785662470325	0.301667349004789	0.456397733089469	0.456397733089469
SEdiverse	~~	SEdiverse		0.228546374519251	0.00575056264520896	39.7433066327279	0	0.2172754788438	0.239817270194702	0.228546374519251	0.37669438638631	0.37669438638631
sameinst	~~	sameinst		0.0904345766825236	0.0126469268372977	7.15071557272066	8.63309423948522e-13	0.065647055566307	0.11522209779874	0.0904345766825236	0.198901549559447	0.198901549559447
evalexp	~~	evalexp		0.125466101123434	0.0121769556419376	10.3035688732681	0	0.101599706623895	0.149332495622974	0.125466101123434	0.268058870939689	0.268058870939689
MHWdacad	~~	MHWdacad		0.224980217204752	0.00577159425605221	38.9806017581422	0	0.213668100329512	0.236292334079993	0.224980217204752	0.184725077769225	0.184725077769225
MHWdlonely	~~	MHWdlonely		0.175751291399216	0.00479609260930904	36.6446826022687	0	0.166351122618452	0.185151460179981	0.175751291399216	0.147026510310644	0.147026510310644
MHWdmental	~~	MHWdmental		0.128902920631878	0.00389394906644412	33.1033915524707	0	0.121270920704014	0.136534920559741	0.128902920631878	0.112624769802528	0.112624769802528
MHWdexhaust	~~	MHWdexhaust		0.160228880912356	0.00447536118352783	35.8024468510162	0	0.151457334174833	0.169000427649879	0.160228880912356	0.138706619873397	0.138706619873397
MHWdsleep	~~	MHWdsleep		0.184109978592118	0.00493819300729388	37.2828640598254	0	0.174431298149115	0.193788659035122	0.184109978592118	0.154004713066211	0.154004713066211
MHWdfinancial	~~	MHWdfinancial		0.348783014972808	0.00824487300766722	42.3030184514015	0	0.332623360820674	0.364942669124943	0.348783014972808	0.263352511134607	0.263352511134607
QIadmin	~~	QIadmin		0.264709538612103	0.00659085048285063	40.1631836894004	0	0.251791709038227	0.277627368185978	0.264709538612103	0.212806824652255	0.212806824652255
QIstudent	~~	QIstudent		0.222467078702659	0.00566470741177127	39.2724747337121	0	0.21136445619263	0.233569701212687	0.222467078702659	0.178799488629485	0.178799488629485
QIadvisor	~~	QIadvisor		0.163355829400801	0.00458112669584026	35.6584395601045	0	0.154376986068339	0.172334672733263	0.163355829400801	0.13846395478786	0.13846395478786
QIfaculty	~~	QIfaculty		0.157497537002446	0.00449454462375173	35.041934208449	0	0.148688391412985	0.166306682591908	0.157497537002446	0.134027861446068	0.134027861446068
QIstaff	~~	QIstaff		0.188705902779286	0.00508968801949974	37.0761237341683	0	0.178730297568522	0.198681507990051	0.188705902779286	0.156129476167992	0.156129476167992
Belong	~~	Belong		0.361430226584339	0.0123429486139432	29.2823244987062	0	0.337238491837982	0.385621961330696	0.794762813671124	0.794762813671124	0.794762813671124
Gains	~~	Gains		0.236575328058478	0.00896442745311547	26.3904559767796	0	0.21900537310835	0.254145283008607	0.892551648683442	0.892551648683442	0.892551648683442
SupportEnv	~~	SupportEnv		0.267423695582885	0.0113063962330487	23.6524255890841	0	0.245263566171171	0.2895838249946	0.715717092448598	0.715717092448598	0.715717092448598
Satisf	~~	Satisf		0.269181522091819	0.0142652393192871	18.8697515735243	0	0.241222166795171	0.297140877388466	0.739031601220301	0.739031601220301	0.739031601220301
DevAdj	~~	DevAdj		0.0932236995592841	0.00969048956665838	9.62012279338647	0	0.0742306890160725	0.112216710102496	0.99881107742563	0.99881107742563	0.99881107742563
EmoDiss	~~	EmoDiss		0.9929389734198	0.0232882937170338	42.6368279911177	0	0.947294756473023	1.03858319036658	1	1	1
QualEngag	~~	QualEngag		0.979186370481329	0.0244682890417273	40.0185876834895	0	0.931229405196227	1.02714333576643	1	1	1
EmoDiss	~~	QualEngag		-0.211612851785241	0.0155778856261774	-13.5841831724353	0	-0.242144946567833	-0.181080757002649	-0.214609074369939	-0.214609074369939	-0.214609074369939
x_FASt	~~	x_FASt		0.25	0	NA	NA	0.25	0.25	0.25	1	0.25
sbvalued	~1			2.67463774467902	0.0125093680050491	213.810781136143	0	2.65011983391977	2.69915565543827	2.67463774467902	3.43535456364262	3.43535456364262
sbmyself	~1			2.67011721732567	0.0126992675720921	210.257576050568	0	2.64522711025433	2.695007324397	2.67011721732567	3.36767482055871	3.36767482055871
sbcommunity	~1			2.67855376956274	0.0123255306352664	217.317521559578	0	2.65439617342728	2.70271136569821	2.67855376956274	3.50915162330453	3.50915162330453
pganalyze	~1			2.92246343588976	0.0108586537149438	269.136811303582	0	2.90118086568788	2.94374600609164	2.92246343588976	4.05936951194745	4.05936951194745
pgthink	~1			2.93947583208167	0.0102897196030845	285.671130552531	0	2.91930835224861	2.95964331191474	2.93947583208167	4.38314683696053	4.38314683696053
pgwork	~1			2.92723784652023	0.0108089493032933	270.816132482771	0	2.90605269517505	2.9484229978654	2.92723784652023	4.1285495186122	4.1285495186122
pgvalues	~1			2.91815940584925	0.0110987282967291	262.927366796542	0	2.89640629811347	2.93991251358504	2.91815940584925	3.97987334018124	3.97987334018124
pgprobsolve	~1			2.92680646364217	0.0103293496862026	283.348570099399	0	2.90656131027349	2.94705161701085	2.92680646364217	4.31491180160669	4.31491180160669
SEacademic	~1			2.70670630929725	0.0123226410257093	219.653100634037	0	2.68255437669244	2.73085824190205	2.70670630929725	3.68128730377719	3.68128730377719
SEwellness	~1			2.68902060343617	0.0123630231579875	217.505101225896	0	2.66478952330648	2.71325168356586	2.68902060343617	3.59037020138292	3.59037020138292
SEnonacad	~1			2.68854425205178	0.013183286872254	203.935807367597	0	2.6627054845843	2.71438301951925	2.68854425205178	3.38850170631348	3.38850170631348
SEactivities	~1			2.6923314752768	0.0132111654565239	203.79212448265	0	2.66643806678821	2.71822488376538	2.6923314752768	3.31158658287299	3.31158658287299
SEdiverse	~1			2.68140563133723	0.0128135741496753	209.262895739763	0	2.65629148749063	2.70651977518383	2.68140563133723	3.44246808858811	3.44246808858811
sameinst	~1			2.88517855275935	0.0112533268672154	256.384497384931	0	2.86312243739335	2.90723466812535	2.88517855275935	4.27882498836344	4.27882498836344
evalexp	~1			2.87448034384093	0.011363580523034	252.955513274566	0	2.85220813528036	2.89675255240149	2.87448034384093	4.20156642555274	4.20156642555274
MHWdacad	~1			3.83066442693217	0.0163666525293294	234.05301848179	0	3.7985863774272	3.86274247643714	3.83066442693217	3.47108198709511	3.47108198709511
MHWdlonely	~1			3.83129345212656	0.0162070210519195	236.397141698832	0	3.79952827456811	3.863058629685	3.83129345212656	3.50424110504754	3.50424110504754
MHWdmental	~1			3.82838161883528	0.0158164982034778	242.0498880083	0	3.79738185199492	3.85938138567564	3.82838161883528	3.57849818913602	3.57849818913602
MHWdexhaust	~1			3.83540428282135	0.0158940199199341	241.311153637792	0	3.80425257620871	3.86655598943398	3.83540428282135	3.56852992843854	3.56852992843854
MHWdsleep	~1			3.83086034667791	0.0162091050578333	236.34002821313	0	3.79909108454293	3.86262960881289	3.83086034667791	3.50368184153685	3.50368184153685
MHWdfinancial	~1			3.84770822812271	0.0170958819404367	225.066378062765	0	3.81420091523551	3.88121554100992	3.84770822812271	3.34343743072702	3.34343743072702
QIadmin	~1			4.8407439248213	0.016479654474662	293.740620124292	0	4.8084443955733	4.8730434540693	4.8407439248213	4.34030340287728	4.34030340287728
QIstudent	~1			4.84029815647452	0.0165194540078852	293.005940399974	0	4.8079206215748	4.87267569137424	4.84029815647452	4.33932696059771	4.33932696059771
QIadvisor	~1			4.8333952303527	0.016042521811179	301.286498920925	0	4.80195246538159	4.8648379953238	4.8333952303527	4.44993181560776	4.44993181560776
QIfaculty	~1			4.84258717374005	0.015996042453005	302.736579248721	0	4.81123550663699	4.87393884084311	4.84258717374005	4.46722789128672	4.46722789128672
QIstaff	~1			4.83515912636546	0.0162593871902457	297.37646750095	0	4.80329131306189	4.86702693966903	4.83515912636546	4.39805321706549	4.39805321706549
x_FASt	~1			0.499999999999958	0	NA	NA	0.499999999999958	0.499999999999958	0.499999999999958	0.999999999999916	0.499999999999958
Belong	~1			0	0	NA	NA	0	0	0	0	0
Gains	~1			0	0	NA	NA	0	0	0	0	0
SupportEnv	~1			0	0	NA	NA	0	0	0	0	0
Satisf	~1			0	0	NA	NA	0	0	0	0	0
DevAdj	~1			0	0	NA	NA	0	0	0	0	0
EmoDiss	~1			0	0	NA	NA	0	0	0	0	0
QualEngag	~1			0	0	NA	NA	0	0	0	0	0
