lhs	op	rhs	block	group	label	est	se	z	pvalue	ci.lower	ci.upper	std.lv	std.all
Belong	=~	sbvalued	1	1		1	0	NA	NA	1	1	0.63182024978817	0.848397964903308
Belong	=~	sbmyself	1	1	.p2.	0.979845519039858	0.0153118391196972	63.9926733412044	0	0.94983486582818	1.00985617225154	0.619086240593582	0.821270886679739
Belong	=~	sbcommunity	1	1	.p3.	1.01229657350629	0.01499934537878	67.4893835659265	0	0.982898396772207	1.04169475024038	0.639589473932455	0.874758822676144
Gains	=~	pganalyze	1	1		1	0	NA	NA	1	1	0.505180155286572	0.722992368038519
Gains	=~	pgthink	1	1	.p5.	1.01195004878299	0.0222959500286211	45.3871688573018	0	0.968250789725787	1.05564930784019	0.511217082786445	0.781908823117119
Gains	=~	pgwork	1	1	.p6.	0.995778925840216	0.0218142002243811	45.6481977609825	0	0.953023879048884	1.03853397263155	0.503047752387056	0.732723721632396
Gains	=~	pgvalues	1	1	.p7.	0.99442746741782	0.0233921376637335	42.5111839590254	0	0.9485797200755	1.04027521476014	0.502365022411367	0.69551119569195
Gains	=~	pgprobsolve	1	1	.p8.	0.98573999383059	0.0221799176454796	44.442905947015	0	0.942268154065386	1.0292118335958	0.497976283155522	0.749606715227865
SupportEnv	=~	SEacademic	1	1		1	0	NA	NA	1	1	0.587036599645415	0.818007787761829
SupportEnv	=~	SEwellness	1	1	.p10.	1.0218879172999	0.017299637442652	59.0699036721109	0	0.9879812509667	1.0557945836331	0.599885608190467	0.811183374661676
SupportEnv	=~	SEnonacad	1	1	.p11.	1.01952604810797	0.0179540983338641	56.7851433778209	0	0.984336661998706	1.05471543421723	0.59849910453123	0.77223290645864
SupportEnv	=~	SEactivities	1	1	.p12.	0.977010654098058	0.0186132210852618	52.4901439478235	0	0.940529411134663	1.01349189706145	0.573541012199066	0.725290101093378
SupportEnv	=~	SEdiverse	1	1	.p13.	1.01234906431805	0.0179954445356284	56.2558519915273	0	0.97707864114243	1.04761948749367	0.594285952371485	0.781256671474936
Satisf	=~	sameinst	1	1		1	0	NA	NA	1	1	0.559285330914329	0.858575234771832
Satisf	=~	evalexp	1	1	.p15.	0.978880171707294	0.0302663452450305	32.3421993564954	0	0.919559225083379	1.03820111833121	0.547473320758789	0.847444570551061
DevAdj	=~	Belong	1	1		1	0	NA	NA	1	1	0.394771669606154	0.394771669606154
DevAdj	=~	Gains	1	1	.p17.	0.514599613694968	0.0406442338639058	12.661073042195	0	0.434938379142489	0.594260848247446	0.254075443942613	0.254075443942613
DevAdj	=~	SupportEnv	1	1	.p18.	0.916838630416433	0.0485607097623606	18.8802559703745	0	0.821661388218504	1.01201587261436	0.389553619784001	0.389553619784001
DevAdj	=~	Satisf	1	1		0.941211270933353	0.0739824068944756	12.7220958392965	0	0.796208417930593	1.08621412393611	0.419752421100538	0.419752421100538
EmoDiss	=~	MHWdacad	1	1		1	0	NA	NA	1	1	0.943033696433629	0.897509938585656
EmoDiss	=~	MHWdlonely	1	1	.p21.	1.00963579181342	0.0112690784214927	89.5934657698196	0	0.987548803968335	1.0317227796585	0.952120572805502	0.920421510192132
EmoDiss	=~	MHWdmental	1	1	.p22.	1.00236583169008	0.0104241458147394	96.1580785135194	0	0.981934881323598	1.02279678205656	0.945264755437466	0.934567304268785
EmoDiss	=~	MHWdexhaust	1	1	.p23.	1.00323097559725	0.0105567875319319	95.0318430263663	0	0.982540052242223	1.02392189895228	0.946080615294191	0.926425298529269
EmoDiss	=~	MHWdsleep	1	1	.p24.	1.00013610310097	0.011414956104826	87.6162898846485	0	0.977763200250409	1.02250900595154	0.943162046244036	0.908547992277458
EmoDiss	=~	MHWdfinancial	1	1	.p25.	1.00055434974727	0.0131235055315039	76.2413935320386	0	0.974832751554612	1.02627594793993	0.943556466924915	0.850511229244562
QualEngag	=~	QIadmin	1	1		1	0	NA	NA	1	1	0.966992502951419	0.88688959858609
QualEngag	=~	QIstudent	1	1	.p27.	0.98982941774688	0.0115327800547244	85.8274772474651	0	0.967225584197998	1.01243325129576	0.957157626162001	0.893158410745818
QualEngag	=~	QIadvisor	1	1	.p28.	1.0007955355884	0.0110193686175931	90.8214953432608	0	0.979197969965551	1.02239310121126	0.967761779901238	0.914085460754695
QualEngag	=~	QIfaculty	1	1	.p29.	1.00354924233443	0.0106270678735755	94.433314463887	0	0.982720572040955	1.0243779126279	0.970424593679967	0.930924745496998
QualEngag	=~	QIstaff	1	1	.p30.	0.994500310531055	0.0110702142217677	89.8356879648762	0	0.972803089355247	1.01619753170686	0.961674344466388	0.914168553813956
sbvalued	~~	sbvalued	1	1		0.15541336311509	0.00766211181367085	20.2833588042658	0	0.140395899914776	0.170430826315404	0.15541336311509	0.280220893147926
sbmyself	~~	sbmyself	1	1		0.184969147201934	0.00807267922857091	22.9129811757278	0	0.16914698665519	0.200791307748678	0.184969147201934	0.325514130692275
sbcommunity	~~	sbcommunity	1	1		0.125521609756125	0.00694948864483186	18.0619922085162	0	0.111900862301284	0.139142357210965	0.125521609756125	0.234797002150246
pganalyze	~~	pganalyze	1	1		0.233023771370132	0.00804590726950038	28.9617769090448	0	0.217254082898962	0.248793459841302	0.233023771370132	0.477282035758055
pgthink	~~	pgthink	1	1		0.166120053485125	0.00658886423586269	25.2122441043703	0	0.15320611688381	0.17903399008644	0.166120053485125	0.388618592331601
pgwork	~~	pgwork	1	1		0.218286892624011	0.0086530313727903	25.2266382981599	0	0.201327262776246	0.235246522471775	0.218286892624011	0.463115947757171
pgvalues	~~	pgvalues	1	1		0.269341036712036	0.0095602632726619	28.1729727550737	0	0.250603265014897	0.288078808409174	0.269341036712036	0.516264176667153
pgprobsolve	~~	pgprobsolve	1	1		0.19333634149317	0.00757361836120085	25.5276054684271	0	0.178492322272566	0.208180360713775	0.19333634149317	0.43808977248529
SEacademic	~~	SEacademic	1	1		0.170397816107387	0.00644882622599945	26.4230745465588	0	0.157758348961871	0.183037283252904	0.170397816107387	0.330863259160998
SEwellness	~~	SEwellness	1	1		0.187025772807409	0.00768692152213147	24.330386653349	0	0.171959683472045	0.202091862142772	0.187025772807409	0.341981532672494
SEnonacad	~~	SEnonacad	1	1		0.242461159818081	0.00822691823412481	29.4716870786883	0	0.226336696375441	0.258585623260722	0.242461159818081	0.403656338182442
SEactivities	~~	SEactivities	1	1		0.296375224661952	0.0102142836517568	29.0157621196448	0	0.276355596576632	0.316394852747271	0.296375224661952	0.473954269255958
SEdiverse	~~	SEdiverse	1	1		0.225457543863018	0.0081206166110707	27.7635990788748	0	0.209541427773061	0.241373659952974	0.225457543863018	0.389638013275903
sameinst	~~	sameinst	1	1		0.111536177157738	0.010797684911462	10.3296380726335	0	0.0903731036148609	0.132699250700615	0.111536177157738	0.262848566236493
evalexp	~~	evalexp	1	1		0.1176257492971	0.010423942176653	11.2841905014163	0	0.0971951980539322	0.138056300540268	0.1176257492971	0.281837699843527
MHWdacad	~~	MHWdacad	1	1		0.214704774499846	0.00861501087255444	24.9221710426215	0	0.197819663463218	0.231589885536474	0.214704774499846	0.194475910139973
MHWdlonely	~~	MHWdlonely	1	1		0.163531957067133	0.00685235758047268	23.8650647089921	0	0.150101583000216	0.176962331134049	0.163531957067133	0.152824243575635
MHWdmental	~~	MHWdmental	1	1		0.129498405441605	0.00561461067704055	23.0645387348324	0	0.118493970727392	0.140502840155819	0.129498405441605	0.126583953791776
MHWdexhaust	~~	MHWdexhaust	1	1		0.1478142000971	0.00633640516975673	23.3277696323159	0	0.135395074172924	0.160233326021277	0.1478142000971	0.141736166244956
MHWdsleep	~~	MHWdsleep	1	1		0.1880932521558	0.00751589331327399	25.0260673370129	0	0.173362371950137	0.202824132361462	0.1880932521558	0.1745405457286
MHWdfinancial	~~	MHWdfinancial	1	1		0.340467751579519	0.0119511885299995	28.4881918417475	0	0.317043852488271	0.363891650670766	0.340467751579519	0.276630648928904
QIadmin	~~	QIadmin	1	1		0.25372083096168	0.00979636673637452	25.8994827153213	0	0.23452030497904	0.272921356944321	0.25372083096168	0.213426839919804
QIstudent	~~	QIstudent	1	1		0.232293596506264	0.00957571873327909	24.2586068969381	0	0.213525532662951	0.251061660349576	0.232293596506264	0.202268053314004
QIadvisor	~~	QIadvisor	1	1		0.184328003906187	0.00766539834182673	24.0467612622803	0	0.169304099229053	0.19935190858332	0.184328003906187	0.164447770436877
QIfaculty	~~	QIfaculty	1	1		0.144938005725949	0.00631636879327608	22.9464127997465	0	0.132558150378056	0.157317861073843	0.144938005725949	0.133379118221349
QIstaff	~~	QIstaff	1	1		0.181815167954717	0.00780236900532336	23.3025594957979	0	0.166522805710192	0.197107530199243	0.181815167954717	0.1642958552177
Belong	~~	Belong	1	1		0.336984129662524	0.0131620672349936	25.6026749936813	0	0.311186951919841	0.362781307405206	0.84415532887637	0.84415532887637
Gains	~~	Gains	1	1		0.238732272780102	0.0110433136007103	21.6178115927766	0	0.217087775852729	0.260376769707476	0.935445668785364	0.935445668785364
SupportEnv	~~	SupportEnv	1	1		0.29231640593636	0.0119234447867289	24.5161034554138	0	0.268946883582719	0.31568592829	0.848247977313182	0.848247977313182
Satisf	~~	Satisf	1	1		0.257687179715969	0.0142459711772696	18.0884248963754	0	0.229765589283725	0.285608770148213	0.823807904980236	0.823807904980236
DevAdj	~~	DevAdj	1	1		0.0622126983798618	0.00721365932613305	8.62429116308318	0	0.0480741859038996	0.0763512108558241	1	1
EmoDiss	~~	EmoDiss	1	1		0.889312552609274	0.0296533242167234	29.9903156256503	0	0.831193105122606	0.947432000095941	1	1
QualEngag	~~	QualEngag	1	1		0.935074500764251	0.03386064874551	27.615374643058	0	0.86870884872989	1.00144015279861	1	1
DevAdj	~~	EmoDiss	1	1		-0.184951870003789	0.0116031017884826	-15.9398644754952	0	-0.207693531618167	-0.16221020838941	-0.786306736165723	-0.786306736165723
DevAdj	~~	QualEngag	1	1		0.151956151569176	0.0106905395185985	14.2140769700927	0	0.131003079137421	0.172909224000931	0.630021919849111	0.630021919849111
EmoDiss	~~	QualEngag	1	1		-0.233733594558784	0.0213423667906875	-10.9516248526275	0	-0.275563864813375	-0.191903324304193	-0.25631310978361	-0.25631310978361
sbvalued	~1		1	1		2.77448887428307	0.0163080004665109	170.130536847886	0	2.74252578070885	2.8064519678573	2.77448887428307	3.72553857743212
sbmyself	~1		1	1		2.78210133499908	0.0163689986816397	169.961607860573	0	2.75001868712008	2.81418398287808	2.78210133499908	3.69069554515838
sbcommunity	~1		1	1		2.78367397290881	0.0161542494507338	172.318372413295	0	2.75201222578809	2.81533572002952	2.78367397290881	3.80719737659893
pganalyze	~1		1	1		2.96070020918988	0.0153969952636863	192.290778719187	0	2.93052265300292	2.99087776537684	2.96070020918988	4.23722830933464
pgthink	~1		1	1		2.95326142215368	0.0146231121602314	201.95847435167	0	2.92460064897773	2.98192219532962	2.95326142215368	4.51702660319355
pgwork	~1		1	1		2.94977784293169	0.015451549403237	190.904987322095	0	2.919493362596	2.98006232326737	2.94977784293169	4.296554728265
pgvalues	~1		1	1		2.93650361521614	0.0159293123318631	184.345912368251	0	2.9052827367472	2.96772449368508	2.93650361521614	4.06551222608865
pgprobsolve	~1		1	1		2.95050977078385	0.0147496619348816	200.03914556212	0	2.92160096460734	2.97941857696036	2.95050977078385	4.4414202289113
SEacademic	~1		1	1		2.7469719358657	0.0158886371086263	172.889085268006	0	2.71583077936936	2.77811309236203	2.7469719358657	3.82777570880351
SEwellness	~1		1	1		2.73464078159577	0.0163962442110756	166.784584712915	0	2.70250473346034	2.7667768297312	2.73464078159577	3.69786357167945
SEnonacad	~1		1	1		2.74643582466284	0.0171096153919664	160.520021154444	0	2.71290159470526	2.77997005462043	2.74643582466284	3.54367801593068
SEactivities	~1		1	1		2.74634551449479	0.0176874243787107	155.271081627939	0	2.71167879973324	2.78101222925634	2.74634551449479	3.47298130992927
SEdiverse	~1		1	1		2.75508962875392	0.0165950680933746	166.018579330438	0	2.72256389296992	2.78761536453793	2.75508962875392	3.62187957562546
sameinst	~1		1	1		2.87086084715048	0.0145881121688217	196.794541605335	0	2.84226867269716	2.8994530216038	2.87086084715048	4.40714227532109
evalexp	~1		1	1		2.88700488776711	0.0143637806297895	200.991992441019	0	2.85885239505088	2.91515738048333	2.88700488776711	4.46885085450684
MHWdacad	~1		1	1		3.92778809284045	0.0241190958741588	162.849723444596	0	3.88051553358743	3.97506065209347	3.92778809284045	3.73817909509961
MHWdlonely	~1		1	1		3.91010360931855	0.0234127506624336	167.007442469902	0	3.86421546124116	3.95599175739593	3.91010360931855	3.77992406832687
MHWdmental	~1		1	1		3.90928725673696	0.023292105074551	167.837438661062	0	3.86363556966672	3.9549389438072	3.90928725673696	3.86504630805805
MHWdexhaust	~1		1	1		3.92824987392317	0.0231444849762815	169.727253725838	0	3.88288751692893	3.97361223091741	3.92824987392317	3.84663844001833
MHWdsleep	~1		1	1		3.92742943535269	0.0238042590357766	164.988518628114	0	3.8807739449639	3.97408492574147	3.92742943535269	3.78329274647022
MHWdfinancial	~1		1	1		3.90346573743417	0.0247377292458819	157.794019759675	0	3.85498067905293	3.9519507958154	3.90346573743417	3.5185402877678
QIadmin	~1		1	1		4.75496422548275	0.0246868346112042	192.611337191229	0	4.7065789187525	4.80334953221301	4.75496422548275	4.36107653405611
QIstudent	~1		1	1		4.76546643361515	0.0239128876809714	199.28444013925	0	4.7185980349941	4.8123348322362	4.76546643361515	4.44682914284158
QIadvisor	~1		1	1		4.76433823726673	0.0236261207793187	201.65554395359	0	4.71803189144487	4.81064458308859	4.76433823726673	4.50008711156955
QIfaculty	~1		1	1		4.76592533553508	0.0230191846240903	207.041448833396	0	4.72080856271839	4.81104210835178	4.76592533553508	4.57193465513495
QIstaff	~1		1	1		4.76123454735051	0.023645654483882	201.357697694348	0	4.71488991617122	4.80757917852979	4.76123454735051	4.52603412534167
Belong	~1		1	1		0	0	NA	NA	0	0	0	0
Gains	~1		1	1		0	0	NA	NA	0	0	0	0
SupportEnv	~1		1	1		0	0	NA	NA	0	0	0	0
Satisf	~1		1	1		0	0	NA	NA	0	0	0	0
DevAdj	~1		1	1		0	0	NA	NA	0	0	0	0
EmoDiss	~1		1	1		0	0	NA	NA	0	0	0	0
QualEngag	~1		1	1		0	0	NA	NA	0	0	0	0
Belong	=~	sbvalued	2	2		1	0	NA	NA	1	1	0.672060240739606	0.877804774458742
Belong	=~	sbmyself	2	2	.p2.	0.979845519039858	0.0153118391196972	63.9926733412043	0	0.94983486582818	1.00985617225154	0.658515215413551	0.832951634780245
Belong	=~	sbcommunity	2	2	.p3.	1.01229657350629	0.01499934537878	67.4893835659265	0	0.982898396772207	1.04169475024038	0.680324278890518	0.88578070883216
Gains	=~	pganalyze	2	2		1	0	NA	NA	1	1	0.548174492940924	0.745029241432354
Gains	=~	pgthink	2	2	.p5.	1.01195004878299	0.0222959500286211	45.3871688573018	0	0.968250789725787	1.05564930784019	0.554725204873158	0.809945746365281
Gains	=~	pgwork	2	2	.p6.	0.995778925840216	0.0218142002243811	45.6481977609824	0	0.953023879048884	1.03853397263155	0.545860607753718	0.784982580901851
Gains	=~	pgvalues	2	2	.p7.	0.994427467417822	0.0233921376637335	42.5111839590254	0	0.948579720075501	1.04027521476014	0.545119772718291	0.71531003175953
Gains	=~	pgprobsolve	2	2	.p8.	0.985739993830591	0.0221799176454796	44.4429059470151	0	0.942268154065386	1.0292118335958	0.540357521289673	0.789908301252955
SupportEnv	=~	SEacademic	2	2		1	0	NA	NA	1	1	0.648190831344003	0.846067241747452
SupportEnv	=~	SEwellness	2	2	.p10.	1.0218879172999	0.0172996374426521	59.0699036721108	0	0.9879812509667	1.0557945836331	0.662378378655014	0.829257641693251
SupportEnv	=~	SEnonacad	2	2	.p11.	1.01952604810797	0.0179540983338641	56.785143377821	0	0.984336661998706	1.05471543421723	0.660847436699972	0.796528664057547
SupportEnv	=~	SEactivities	2	2	.p12.	0.977010654098057	0.0186132210852618	52.4901439478236	0	0.940529411134663	1.01349189706145	0.633289348111768	0.764211007840404
SupportEnv	=~	SEdiverse	2	2	.p13.	1.01234906431805	0.0179954445356284	56.2558519915273	0	0.97707864114243	1.04761948749367	0.656195381610641	0.811367696042058
Satisf	=~	sameinst	2	2		1	0	NA	NA	1	1	0.611622448593195	0.909179859376021
Satisf	=~	evalexp	2	2	.p15.	0.978880171707294	0.0302663452450305	32.3421993564954	0	0.919559225083379	1.03820111833121	0.598705087498942	0.855219283290417
DevAdj	=~	Belong	2	2		1	0	NA	NA	1	1	0.518043059364469	0.518043059364469
DevAdj	=~	Gains	2	2	.p17.	0.514599613694968	0.0406442338639059	12.661073042195	0	0.434938379142489	0.594260848247446	0.326832092879584	0.326832092879584
DevAdj	=~	SupportEnv	2	2	.p18.	0.916838630416433	0.0485607097623607	18.8802559703745	0	0.821661388218504	1.01201587261436	0.49245220089198	0.49245220089198
DevAdj	=~	Satisf	2	2		0.903870973531863	0.0933930635594519	9.67813817303979	0	0.720823932549477	1.08691801451425	0.514513868498508	0.514513868498508
EmoDiss	=~	MHWdacad	2	2		1	0	NA	NA	1	1	1.02519011377708	0.904011224869631
EmoDiss	=~	MHWdlonely	2	2	.p21.	1.00963579181342	0.0112690784214927	89.5934657698195	0	0.987548803968335	1.0317227796585	1.03506863228261	0.940334237221903
EmoDiss	=~	MHWdmental	2	2	.p22.	1.00236583169008	0.0104241458147393	96.1580785135195	0	0.981934881323598	1.02279678205656	1.02761554103661	0.945292898794433
EmoDiss	=~	MHWdexhaust	2	2	.p23.	1.00323097559725	0.0105567875319319	95.031843026366	0	0.982540052242223	1.02392189895228	1.02850247801724	0.942395012393422
EmoDiss	=~	MHWdsleep	2	2	.p24.	1.00013610310097	0.011414956104826	87.6162898846485	0	0.977763200250409	1.02250900595154	1.02532964533066	0.921201276915864
EmoDiss	=~	MHWdfinancial	2	2	.p25.	1.00055434974727	0.0131235055315039	76.2413935320386	0	0.974832751554612	1.02627594793993	1.02575842765756	0.871826074769973
QualEngag	=~	QIadmin	2	2		1	0	NA	NA	1	1	1.01739434052049	0.891981633417583
QualEngag	=~	QIstudent	2	2	.p27.	0.989829417746881	0.0115327800547244	85.8274772474653	0	0.967225584197999	1.01243325129576	1.00704684769637	0.898760200039047
QualEngag	=~	QIadvisor	2	2	.p28.	1.0007955355884	0.0110193686175931	90.8214953432607	0	0.979197969965551	1.02239310121126	1.01820371392582	0.920659766855876
QualEngag	=~	QIfaculty	2	2	.p29.	1.00354924233443	0.0106270678735755	94.4333144638869	0	0.982720572040955	1.0243779126279	1.02100531958468	0.941783738392837
QualEngag	=~	QIstaff	2	2	.p30.	0.994500310531056	0.0110702142217677	89.8356879648762	0	0.972803089355248	1.01619753170686	1.01179898758017	0.924205663716749
sbvalued	~~	sbvalued	2	2		0.134500904610323	0.0117135540909346	11.4825016870342	0	0.11154276046113	0.157459048759517	0.134500904610323	0.229458777937437
sbmyself	~~	sbmyself	2	2		0.191375039705656	0.0138173111831165	13.8503821162759	0	0.164293607423565	0.218456471987747	0.191375039705656	0.306191574116917
sbcommunity	~~	sbcommunity	2	2		0.127060381212241	0.0114304578574977	11.1159485294718	0	0.104657095484742	0.149463666939739	0.127060381212241	0.215392535860797
pganalyze	~~	pganalyze	2	2		0.240870766590901	0.0148884867112876	16.1783243160829	0	0.211689868852474	0.270051664329327	0.240870766590901	0.444931429410731
pgthink	~~	pgthink	2	2		0.161356732806542	0.0114324409063621	14.1139354340986	0	0.13894956037469	0.183763905238394	0.161356732806542	0.343987887944787
pgwork	~~	pgwork	2	2		0.185588514857444	0.0136574585051614	13.5888031281448	0	0.158820388066978	0.212356641647911	0.185588514857444	0.383802347680669
pgvalues	~~	pgvalues	2	2		0.283602483891023	0.018842549214881	15.0511738436669	0	0.246671766052932	0.320533201729113	0.283602483891023	0.48833155846418
pgprobsolve	~~	pgprobsolve	2	2		0.175974087039396	0.0124236956739174	14.1643913098129	0	0.151624090963632	0.20032408311516	0.175974087039396	0.37604487561167
SEacademic	~~	SEacademic	2	2		0.166791753322692	0.011714927196727	14.237540747952	0	0.143830917935598	0.189752588709786	0.166791753322692	0.284170222441859
SEwellness	~~	SEwellness	2	2		0.199273470572505	0.0127258385230365	15.6589658285996	0	0.174331285394281	0.224215655750729	0.199273470572505	0.312331763693347
SEnonacad	~~	SEnonacad	2	2		0.251615267080346	0.0152211924089313	16.5305884270083	0	0.221782278157086	0.281448256003605	0.251615267080346	0.3655420873347
SEactivities	~~	SEactivities	2	2		0.285661585374726	0.0189677834024825	15.0603567803995	0	0.248485413039304	0.322837757710148	0.285661585374726	0.415981535495554
SEdiverse	~~	SEdiverse	2	2		0.22348768719086	0.0150691020177091	14.8308563395628	0	0.19395278995679	0.25302258442493	0.22348768719086	0.341682461819404
sameinst	~~	sameinst	2	2		0.0784686598619423	0.0143435473012421	5.47065925980159	4.48364592120498e-08	0.0503558237409611	0.106581495982924	0.0784686598619423	0.173391983304999
evalexp	~~	evalexp	2	2		0.131636673718942	0.0156142699626726	8.43053655621634	0	0.101033266947219	0.162240080490666	0.131636673718942	0.268599977488225
MHWdacad	~~	MHWdacad	2	2		0.235045059594496	0.0148083990304742	15.8724153171991	0	0.206021130826069	0.264068988362923	0.235045059594496	0.18276370530971
MHWdlonely	~~	MHWdlonely	2	2		0.140273470243772	0.0110772872385325	12.6631608644966	0	0.118562386209843	0.161984554277701	0.140273470243772	0.115771522308301
MHWdmental	~~	MHWdmental	2	2		0.125764260388208	0.00986423911096366	12.7495145822678	0	0.106430706995827	0.145097813780588	0.125764260388208	0.106421335488818
MHWdexhaust	~~	MHWdexhaust	2	2		0.133273059767361	0.00977654484423922	13.6319182175993	0	0.114111383979411	0.15243473555531	0.133273059767361	0.111891640616002
MHWdsleep	~~	MHWdsleep	2	2		0.187546952918894	0.0130025943010419	14.4238102471493	0	0.162062336383266	0.213031569454522	0.187546952918894	0.151388207408582
MHWdfinancial	~~	MHWdfinancial	2	2		0.332120480192117	0.0205618196314532	16.152290319874	0	0.29182005425786	0.372420906126374	0.332120480192117	0.239919295351182
QIadmin	~~	QIadmin	2	2		0.265877344626616	0.0177223304315217	15.0023917934469	0	0.231142215258715	0.300612473994516	0.265877344626616	0.204368765645701
QIstudent	~~	QIstudent	2	2		0.241342097293728	0.0167830110410783	14.3801429137487	0	0.208448000101077	0.27423619448638	0.241342097293728	0.192230102825772
QIadvisor	~~	QIadvisor	2	2		0.186386707012079	0.0132374886941405	14.0802165213241	0	0.160441705925807	0.21233170809835	0.186386707012079	0.152385593692886
QIfaculty	~~	QIfaculty	2	2		0.132861395078321	0.00983836032932093	13.5044245820474	0	0.113578563165924	0.152144226990718	0.132861395078321	0.113043390098813
QIstaff	~~	QIstaff	2	2		0.174799212868954	0.0123056124180951	14.2048365355564	0	0.150680655721778	0.198917770016129	0.174799212868954	0.145843891153883
Belong	~~	Belong	2	2		0.330452267142065	0.0214477487210176	15.407317170694	0	0.288415452099405	0.372489082184724	0.731631388644301	0.731631388644301
Gains	~~	Gains	2	2		0.268396604773423	0.0178158410946385	15.0650538106895	0	0.233478197873642	0.303315011673203	0.893180783063951	0.893180783063951
SupportEnv	~~	SupportEnv	2	2		0.318260797676062	0.0202058081986539	15.7509560888173	0	0.278658141328177	0.357863454023948	0.757490829836645	0.757490829836645
Satisf	~~	Satisf	2	2		0.275053336209588	0.0227309470409301	12.1003905254945	0	0.230501498674878	0.319605173744299	0.735275479122701	0.735275479122701
DevAdj	~~	DevAdj	2	2		0.121212700040913	0.0181825918276006	6.66641484284524	2.62128097006098e-11	0.0855754749132234	0.156849925168602	1	1
EmoDiss	~~	EmoDiss	2	2		1.05101476938627	0.0715452826181698	14.6902036154561	0	0.910788592190915	1.19124094658162	1	1
QualEngag	~~	QualEngag	2	2		1.03509124412313	0.0555426056484176	18.6359864114985	0	0.926229737444722	1.14395275080154	1	1
DevAdj	~~	EmoDiss	2	2		-0.280709965165808	0.029839977604634	-9.40717747463107	0	-0.339195246570373	-0.222224683761244	-0.786464924162042	-0.786464924162042
DevAdj	~~	QualEngag	2	2		0.22755057571724	0.0239803443358134	9.48904538361466	0	0.180549964482176	0.274551186952303	0.642413351590175	0.642413351590175
EmoDiss	~~	QualEngag	2	2		-0.252575276989936	0.044734271423823	-5.6461247484502	1.64104789757147e-08	-0.340252837855268	-0.164897716124603	-0.242157046468565	-0.242157046468565
sbvalued	~1		2	2		2.37809975382696	0.0302378114335317	78.6465567805547	0	2.31883473244592	2.43736477520799	2.37809975382696	3.10613125357802
sbmyself	~1		2	2		2.37311807158214	0.0306495655056843	77.4274621003035	0	2.3130460270492	2.43319011611508	2.37311807158214	3.00174169249759
sbcommunity	~1		2	2		2.38085044440845	0.0301621196493538	78.9351170304589	0	2.32173377619832	2.43996711261857	2.38085044440845	3.09986202125656
pganalyze	~1		2	2		3.00382680669251	0.028015768475248	107.219147293653	0	2.94891690948181	3.05873670390321	3.00382680669251	4.08252998999987
pgthink	~1		2	2		3.03185680341002	0.0257217259398107	117.871437185227	0	2.98144314694778	3.08227045987226	3.03185680341002	4.42676752370047
pgwork	~1		2	2		3.01930049024229	0.0258911943472603	116.61495602507	0	2.96855468180493	3.07004629867965	3.01930049024229	4.34194784837443
pgvalues	~1		2	2		3.0051867395267	0.0291204714662106	103.198423247155	0	2.9481116642401	3.0622618148133	3.0051867395267	3.94342735244179
pgprobsolve	~1		2	2		3.02332659429561	0.0260611615783163	116.008896426593	0	2.97224765620683	3.07440553238439	3.02332659429561	4.41957533696047
SEacademic	~1		2	2		2.61771124080598	0.0289236802564943	90.5040858421957	0	2.5610218692029	2.67440061240906	2.61771124080598	3.41683285554623
SEwellness	~1		2	2		2.6150221078982	0.030260823542051	86.4160918907019	0	2.55571198361326	2.67433223218314	2.6150221078982	3.27384941304192
SEnonacad	~1		2	2		2.61275196047032	0.0325366333026419	80.30185348827	0	2.54898133101895	2.67652258992168	2.61275196047032	3.14918650358933
SEactivities	~1		2	2		2.571356697063	0.0306705747827309	83.8379037653643	0	2.5112434751037	2.63146991902229	2.571356697063	3.10294038394733
SEdiverse	~1		2	2		2.56432421635495	0.0315278953645228	81.3350902972259	0	2.50253067693214	2.62611775577776	2.56432421635495	3.17071696881176
sameinst	~1		2	2		2.85751743950319	0.0259759583111171	110.006237509252	0	2.80660549674948	2.90842938225689	2.85751743950319	4.24771410825051
evalexp	~1		2	2		2.8564974592812	0.0268915675376834	106.222794758185	0	2.80379095541952	2.90920396314289	2.8564974592812	4.08035902960602
MHWdacad	~1		2	2		4.39695592477044	0.0439861410821425	99.9623021387416	0	4.31074467243054	4.48316717711034	4.39695592477044	3.87722965509772
MHWdlonely	~1		2	2		4.38866703114167	0.043742746908184	100.329022325769	0	4.30293282261678	4.47440123966656	4.38866703114167	3.98699538990835
MHWdmental	~1		2	2		4.4147890604518	0.0413377317329176	106.798048063587	0	4.33376859505271	4.4958095258509	4.4147890604518	4.06111875683646
MHWdexhaust	~1		2	2		4.42361203808612	0.0414046151915637	106.8386221589	0	4.34246048351691	4.50476359265532	4.42361203808612	4.05326191288572
MHWdsleep	~1		2	2		4.41413341276023	0.0434131565385825	101.677320073173	0	4.32904518948941	4.49922163603105	4.41413341276023	3.96585171883953
MHWdfinancial	~1		2	2		4.40561182965252	0.0460368348596603	95.6975396567269	0	4.31538129136537	4.49584236793968	4.40561182965252	3.74447546794943
QIadmin	~1		2	2		4.84480075324281	0.0433328165628395	111.804427626279	0	4.75986999343096	4.92973151305465	4.84480075324281	4.24758927521595
QIstudent	~1		2	2		4.84943937233985	0.0433901365547816	111.763634719546	0	4.7643962674082	4.93448247727149	4.84943937233985	4.32798445308821
QIadvisor	~1		2	2		4.83029783561806	0.0428025508889958	112.850700140395	0	4.74640637742919	4.91418929380693	4.83029783561806	4.36755515459507
QIfaculty	~1		2	2		4.82872444415374	0.0423567537863324	114.00128698512	0	4.74570673223049	4.91174215607698	4.82872444415374	4.45405530358437
QIstaff	~1		2	2		4.80604184459415	0.0422200824525942	113.833075764134	0	4.72329200356275	4.88879168562554	4.80604184459415	4.38997384594799
Belong	~1		2	2		0	0	NA	NA	0	0	0	0
Gains	~1		2	2		0	0	NA	NA	0	0	0	0
SupportEnv	~1		2	2		0	0	NA	NA	0	0	0	0
Satisf	~1		2	2		0	0	NA	NA	0	0	0	0
DevAdj	~1		2	2		0	0	NA	NA	0	0	0	0
EmoDiss	~1		2	2		0	0	NA	NA	0	0	0	0
QualEngag	~1		2	2		0	0	NA	NA	0	0	0	0
Belong	=~	sbvalued	3	3		1	0	NA	NA	1	1	0.791337086021037	0.914826250097995
Belong	=~	sbmyself	3	3	.p2.	0.979845519039858	0.0153118391196972	63.9926733412044	0	0.94983486582818	1.00985617225154	0.775388097787772	0.88803537837535
Belong	=~	sbcommunity	3	3	.p3.	1.01229657350629	0.01499934537878	67.4893835659266	0	0.982898396772207	1.04169475024038	0.801067820667551	0.907277205424601
Gains	=~	pganalyze	3	3		1	0	NA	NA	1	1	0.551637529442907	0.748055196096135
Gains	=~	pgthink	3	3	.p5.	1.01195004878299	0.0222959500286211	45.3871688573018	0	0.968250789725787	1.05564930784019	0.558229624830277	0.80823342708434
Gains	=~	pgwork	3	3	.p6.	0.995778925840216	0.0218142002243811	45.6481977609825	0	0.953023879048883	1.03853397263155	0.549309026521808	0.74421049013021
Gains	=~	pgvalues	3	3	.p7.	0.994427467417822	0.0233921376637335	42.5111839590254	0	0.948579720075501	1.04027521476014	0.548563511336534	0.747696610314654
Gains	=~	pgprobsolve	3	3	.p8.	0.985739993830591	0.0221799176454796	44.4429059470151	0	0.942268154065386	1.0292118335958	0.543771174869773	0.763483041748942
SupportEnv	=~	SEacademic	3	3		1	0	NA	NA	1	1	0.676908281997186	0.851818375631297
SupportEnv	=~	SEwellness	3	3	.p10.	1.0218879172999	0.017299637442652	59.0699036721109	0	0.9879812509667	1.0557945836331	0.691724394493157	0.844695916116328
SupportEnv	=~	SEnonacad	3	3	.p11.	1.01952604810797	0.0179540983338641	56.785143377821	0	0.984336661998706	1.05471543421723	0.690125625676146	0.823781838393857
SupportEnv	=~	SEactivities	3	3	.p12.	0.977010654098057	0.0186132210852618	52.4901439478236	0	0.940529411134662	1.01349189706145	0.661346603358463	0.791501052998987
SupportEnv	=~	SEdiverse	3	3	.p13.	1.01234906431805	0.0179954445356284	56.2558519915272	0	0.97707864114243	1.04761948749367	0.68526746590899	0.816853531333625
Satisf	=~	sameinst	3	3		1	0	NA	NA	1	1	0.654667642417113	0.887352704183616
Satisf	=~	evalexp	3	3	.p15.	0.978880171707294	0.0302663452450305	32.3421993564955	0	0.919559225083379	1.03820111833121	0.640841174220472	0.878024326364819
DevAdj	=~	Belong	3	3		1	0	NA	NA	1	1	0.609911560775253	0.609911560775253
DevAdj	=~	Gains	3	3	.p17.	0.514599613694968	0.0406442338639059	12.661073042195	0	0.434938379142489	0.594260848247446	0.450239958697562	0.450239958697562
DevAdj	=~	SupportEnv	3	3	.p18.	0.916838630416433	0.0485607097623606	18.8802559703745	0	0.821661388218504	1.01201587261436	0.653719531563247	0.653719531563247
DevAdj	=~	Satisf	3	3		0.945724557469251	0.0627261340782578	15.07704199161	0	0.822783593786435	1.06866552115207	0.697223754640949	0.697223754640949
EmoDiss	=~	MHWdacad	3	3		1	0	NA	NA	1	1	0.928803339778415	0.892591340970401
EmoDiss	=~	MHWdlonely	3	3	.p21.	1.00963579181342	0.0112690784214927	89.5934657698197	0	0.987548803968335	1.0317227796585	0.937753095396127	0.915309921912548
EmoDiss	=~	MHWdmental	3	3	.p22.	1.00236583169008	0.0104241458147394	96.1580785135193	0	0.981934881323598	1.02279678205656	0.931000732153516	0.93035614769194
EmoDiss	=~	MHWdexhaust	3	3	.p23.	1.00323097559725	0.0105567875319319	95.0318430263663	0	0.982540052242223	1.02392189895228	0.931804280703884	0.926906135502787
EmoDiss	=~	MHWdsleep	3	3	.p24.	1.00013610310097	0.011414956104826	87.6162898846485	0	0.977763200250408	1.02250900595154	0.928929752793153	0.909753159622343
EmoDiss	=~	MHWdfinancial	3	3	.p25.	1.00055434974727	0.0131235055315039	76.2413935320385	0	0.97483275155461	1.02627594793993	0.929318221675084	0.83426604799325
QualEngag	=~	QIadmin	3	3		1	0	NA	NA	1	1	1.0647969569201	0.904673084383368
QualEngag	=~	QIstudent	3	3	.p27.	0.98982941774688	0.0115327800547244	85.8274772474652	0	0.967225584197998	1.01243325129576	1.05396735188687	0.911721948019588
QualEngag	=~	QIadvisor	3	3	.p28.	1.0007955355884	0.0110193686175931	90.8214953432607	0	0.97919796996555	1.02239310121126	1.06564404079375	0.929282430796939
QualEngag	=~	QIfaculty	3	3	.p29.	1.00354924233443	0.0106270678735755	94.433314463887	0	0.982720572040957	1.0243779126279	1.06857617935717	0.944108632211569
QualEngag	=~	QIstaff	3	3	.p30.	0.994500310531053	0.0110702142217677	89.835687964876	0	0.972803089355245	1.01619753170686	1.05894090430956	0.911848129487039
sbvalued	~~	sbvalued	3	3		0.122034027317722	0.0127897922910486	9.54151752746853	0	0.0969664950575188	0.147101559577925	0.122034027317722	0.163092932131641
sbmyself	~~	sbmyself	3	3		0.161164234387718	0.014208162182795	11.3430739538486	0	0.133316748222936	0.1890117205525	0.161164234387718	0.211393166753748
sbcommunity	~~	sbcommunity	3	3		0.137866548706522	0.0140408690263144	9.81894699310577	0	0.110346951103302	0.165386146309742	0.137866548706522	0.176848072516927
pganalyze	~~	pganalyze	3	3		0.239497436501222	0.0158545797094458	15.1058836557197	0	0.208423031280688	0.270571841721755	0.239497436501222	0.440413423593573
pgthink	~~	pgthink	3	3		0.165416773301576	0.011976577407541	13.81168990712	0	0.141943112924739	0.188890433678412	0.165416773301576	0.346758727343503
pgwork	~~	pgwork	3	3		0.243065611709253	0.0147750378646028	16.4510990724143	0	0.214107069624416	0.27202415379409	0.243065611709253	0.446150746380153
pgvalues	~~	pgvalues	3	3		0.237351586185574	0.0167237844179351	14.1924566984391	0	0.204573571041209	0.270129601329939	0.237351586185574	0.440949778923976
pgprobsolve	~~	pgprobsolve	3	3		0.211576362701422	0.0137369472309316	15.4019928259616	0	0.184652440871269	0.238500284531576	0.211576362701422	0.417093644961784
SEacademic	~~	SEacademic	3	3		0.173283969064425	0.013004008660037	13.3254270736491	0	0.147796580436105	0.198771357692744	0.173283969064425	0.274405454936858
SEwellness	~~	SEwellness	3	3		0.192120211984865	0.0140600927456869	13.6642208170212	0	0.164562936584025	0.219677487385704	0.192120211984865	0.286488809296398
SEnonacad	~~	SEnonacad	3	3		0.225556545486319	0.0176518570906132	12.7780631991556	0	0.190959541328469	0.260153549644169	0.225556545486319	0.321383482732437
SEactivities	~~	SEactivities	3	3		0.260781149020165	0.0161432587348841	16.1541825788025	0	0.229140943306681	0.29242135473365	0.260781149020165	0.373526083101495
SEdiverse	~~	SEdiverse	3	3		0.23418027512328	0.0169747507703619	13.7958004975343	0	0.200910374966827	0.267450175279733	0.23418027512328	0.332750308347786
sameinst	~~	sameinst	3	3		0.115723893275098	0.0161653424933355	7.15876532296221	8.14015521655165e-13	0.0840404041904053	0.14740738235979	0.115723893275098	0.212605178378023
evalexp	~~	evalexp	3	3		0.122028748327754	0.0149462437520965	8.16450944811045	2.22044604925031e-16	0.0927346488694877	0.15132284778602	0.122028748327754	0.229073282311606
MHWdacad	~~	MHWdacad	3	3		0.220109273922518	0.0172213030715255	12.7812206200852	0	0.186356140135479	0.253862407709557	0.220109273922518	0.203280698024661
MHWdlonely	~~	MHWdlonely	3	3		0.170259856988607	0.0124370460915643	13.6897343416689	0	0.145883694575076	0.194636019402138	0.170259856988607	0.162207746848445
MHWdmental	~~	MHWdmental	3	3		0.13462378924533	0.0113658377363675	11.8445989084088	0	0.112347156627923	0.156900421862736	0.13462378924533	0.134437438451814
MHWdexhaust	~~	MHWdexhaust	3	3		0.142337512591606	0.0113994722204208	12.4863247911272	0	0.119994957596817	0.164680067586396	0.142337512591606	0.140845015967289
MHWdsleep	~~	MHWdsleep	3	3		0.179691628327601	0.0141232042263788	12.7231487591166	0	0.152010656697595	0.207372599957607	0.179691628327601	0.172349188557163
MHWdfinancial	~~	MHWdfinancial	3	3		0.377219018035148	0.026489920863868	14.2400960717732	0	0.325299727188651	0.429138308881646	0.377219018035148	0.304000161165725
QIadmin	~~	QIadmin	3	3		0.251527949035604	0.0181912675370577	13.8268511813821	0	0.215873719829839	0.28718217824137	0.251527949035604	0.181566610392283
QIstudent	~~	QIstudent	3	3		0.225531373180196	0.0158122376754225	14.2630902601943	0	0.194539956821381	0.256522789539011	0.225531373180196	0.168763089499367
QIadvisor	~~	QIadvisor	3	3		0.179412212566363	0.01523596308844	11.7755741153303	0	0.149550273643239	0.209274151489487	0.179412212566363	0.136434163812132
QIfaculty	~~	QIfaculty	3	3		0.139197779332661	0.0112536509358392	12.3691218188901	0	0.117141028803831	0.161254529861491	0.139197779332661	0.108658890583601
QIstaff	~~	QIstaff	3	3		0.22729158031875	0.0175572059016458	12.9457717584461	0	0.19288008908237	0.26170307155513	0.22729158031875	0.168532988750988
Belong	~~	Belong	3	3		0.393267572570836	0.0293786374486363	13.3861746739752	0	0.335686501256649	0.450848643885023	0.628007888032695	0.628007888032695
Gains	~~	Gains	3	3		0.242616675335744	0.0173056684598731	14.019491699977	0	0.208698188426002	0.276535162245486	0.797283979592017	0.797283979592017
SupportEnv	~~	SupportEnv	3	3		0.262391346128357	0.0195563824752859	13.4171719365762	0	0.224061540808907	0.300721151447808	0.572650774052729	0.572650774052729
Satisf	~~	Satisf	3	3		0.22024327317998	0.018321569556632	12.0209828366073	0	0.184333656708735	0.256152889651224	0.513879035964379	0.513879035964379
DevAdj	~~	DevAdj	3	3		0.23294681114143	0.0239652811002563	9.72017854357398	0	0.185975723305549	0.279917898977311	1	1
EmoDiss	~~	EmoDiss	3	3		0.862675643983537	0.0508659093699753	16.9597998869701	0	0.762980293577507	0.962370994389567	1	1
QualEngag	~~	QualEngag	3	3		1.1337925594663	0.0577532107101164	19.631680135624	0	1.02059834648292	1.24698677244968	1	1
DevAdj	~~	EmoDiss	3	3		-0.31449185661769	0.026940205126889	-11.6736994071287	0	-0.367293688402514	-0.261690024832866	-0.701547774394231	-0.701547774394231
DevAdj	~~	QualEngag	3	3		0.38124448278696	0.0293766167344233	12.9778213139235	0	0.323667371999853	0.438821593574066	0.741836813551774	0.741836813551774
EmoDiss	~~	QualEngag	3	3		-0.303358025681161	0.0412798083095713	-7.34882350727445	2.00062189037453e-13	-0.384264963256638	-0.222451088105684	-0.306736119840592	-0.306736119840592
sbvalued	~1		3	3		2.80908898202788	0.0361764774768812	77.6495993514859	0	2.73818438908567	2.87999357497009	2.80908898202788	3.24745090937371
sbmyself	~1		3	3		2.77023269606267	0.0376269345415235	73.6236616088286	0	2.69648525951264	2.8439801326127	2.77023269606267	3.17268816410065
sbcommunity	~1		3	3		2.81274081378646	0.0366277879175647	76.7925384988272	0	2.74095166863467	2.88452995893826	2.81274081378646	3.18566737956008
pganalyze	~1		3	3		2.84299415527676	0.0310142504222373	91.6673502203467	0	2.78220734144167	2.90378096911185	2.84299415527676	3.85527894099858
pgthink	~1		3	3		2.84583197006399	0.0289447083985084	98.3195937192666	0	2.7891013840599	2.90256255606808	2.84583197006399	4.12034120684711
pgwork	~1		3	3		2.82651887194275	0.0293365307184904	96.3480957944775	0	2.76902032830315	2.88401741558234	2.82651887194275	3.82940183664957
pgvalues	~1		3	3		2.84122558195905	0.0314147663625365	90.4423591495285	0	2.77965377130574	2.90279739261236	2.84122558195905	3.87261400524833
pgprobsolve	~1		3	3		2.85368460636459	0.0302855548573539	94.2259311346796	0	2.79432600959237	2.91304320313682	2.85368460636459	4.0067217685475
SEacademic	~1		3	3		2.77531299043856	0.0330587203480159	83.9510108444086	0	2.71051908918147	2.84010689169565	2.77531299043856	3.49244154083734
SEwellness	~1		3	3		2.76908135708933	0.0346867153078709	79.8311783779939	0	2.70109664434391	2.83706606983475	2.76908135708933	3.38145037582646
SEnonacad	~1		3	3		2.78084228746984	0.0356121107211442	78.0869830840651	0	2.71104383304294	2.85064074189673	2.78084228746984	3.31940633216
SEactivities	~1		3	3		2.76461642528186	0.035206196540187	78.5264157156574	0	2.69561354803046	2.83361930253327	2.76461642528186	3.30869894944156
SEdiverse	~1		3	3		2.74457903342162	0.036758567736059	74.665015599323	0	2.67253356453566	2.81662450230757	2.74457903342162	3.27159713105718
sameinst	~1		3	3		2.92757559119074	0.0310247114671865	94.3627016253515	0	2.86676827408431	2.98838290829717	2.92757559119074	3.96810831822035
evalexp	~1		3	3		2.93779419473282	0.0297243009118187	98.8347616130048	0	2.87953563548002	2.99605275398561	2.93779419473282	4.02510773744593
MHWdacad	~1		3	3		3.24164866793935	0.0427911952698099	75.7550390331444	0	3.1577794663551	3.3255178695236	3.24164866793935	3.11526391815214
MHWdlonely	~1		3	3		3.26624461674112	0.0426970964847401	76.4980498828176	0	3.1825598453866	3.34992938809565	3.26624461674112	3.18807383283946
MHWdmental	~1		3	3		3.26486263591207	0.0428775017706499	76.1439566459747	0	3.18082427669454	3.3489009951296	3.26486263591207	3.26260218685805
MHWdexhaust	~1		3	3		3.25004917326363	0.0429395452969339	75.6889517760147	0	3.16588921096911	3.33420913555814	3.25004917326363	3.23296488518832
MHWdsleep	~1		3	3		3.2460227286022	0.0423467674004357	76.6533770549108	0	3.16302458963565	3.32902086756875	3.2460227286022	3.17901264834324
MHWdfinancial	~1		3	3		3.26441271869388	0.0479883663907574	68.0250853324028	0	3.17035724889108	3.35846818849668	3.26441271869388	2.9305232958144
QIadmin	~1		3	3		4.98002044853373	0.0490297152724801	101.571473969562	0	4.88392397242742	5.07611692464005	4.98002044853373	4.23112634778627
QIstudent	~1		3	3		4.95530553075864	0.0473593469363137	104.632049454192	0	4.86248291643213	5.04812814508515	4.95530553075864	4.28652823396037
QIadvisor	~1		3	3		4.96680747265592	0.047932888508812	103.620032657594	0	4.87286073750367	5.06075420780817	4.96680747265592	4.33124640574367
QIfaculty	~1		3	3		4.938952012225	0.0472205887159527	104.593190100497	0	4.84640135901296	5.03150266543705	4.938952012225	4.36366383501589
QIstaff	~1		3	3		4.94576219094731	0.0477798336733284	103.511498695487	0	4.85211543776027	5.03940894413435	4.94576219094731	4.25876834519247
Belong	~1		3	3		0	0	NA	NA	0	0	0	0
Gains	~1		3	3		0	0	NA	NA	0	0	0	0
SupportEnv	~1		3	3		0	0	NA	NA	0	0	0	0
Satisf	~1		3	3		0	0	NA	NA	0	0	0	0
DevAdj	~1		3	3		0	0	NA	NA	0	0	0	0
EmoDiss	~1		3	3		0	0	NA	NA	0	0	0	0
QualEngag	~1		3	3		0	0	NA	NA	0	0	0	0
Belong	=~	sbvalued	4	4		1	0	NA	NA	1	1	0.604630844721666	0.819688495256823
Belong	=~	sbmyself	4	4	.p2.	0.979845519039858	0.0153118391196972	63.9926733412043	0	0.94983486582818	1.00985617225154	0.592444823873809	0.818247931583864
Belong	=~	sbcommunity	4	4	.p3.	1.01229657350629	0.01499934537878	67.4893835659266	0	0.982898396772208	1.04169475024038	0.612065732347959	0.863199451924945
Gains	=~	pganalyze	4	4		1	0	NA	NA	1	1	0.523212709110397	0.724608582810931
Gains	=~	pgthink	4	4	.p5.	1.01195004878299	0.0222959500286211	45.3871688573018	0	0.968250789725788	1.05564930784019	0.529465126508147	0.794565062495379
Gains	=~	pgwork	4	4	.p6.	0.995778925840217	0.0218142002243811	45.6481977609825	0	0.953023879048884	1.03853397263155	0.521004189463901	0.746577167613832
Gains	=~	pgvalues	4	4	.p7.	0.994427467417822	0.0233921376637335	42.5111839590254	0	0.948579720075501	1.04027521476014	0.52029708924147	0.717534162202305
Gains	=~	pgprobsolve	4	4	.p8.	0.985739993830591	0.0221799176454796	44.4429059470151	0	0.942268154065387	1.0292118335958	0.51575169265057	0.750099974772304
SupportEnv	=~	SEacademic	4	4		1	0	NA	NA	1	1	0.5759565339429	0.81416412837643
SupportEnv	=~	SEwellness	4	4	.p10.	1.0218879172999	0.017299637442652	59.0699036721109	0	0.9879812509667	1.0557945836331	0.588563022926178	0.802268196514457
SupportEnv	=~	SEnonacad	4	4	.p11.	1.01952604810797	0.0179540983338641	56.785143377821	0	0.984336661998706	1.05471543421723	0.587202688932769	0.768095630708404
SupportEnv	=~	SEactivities	4	4	.p12.	0.977010654098057	0.0186132210852618	52.4901439478235	0	0.940529411134663	1.01349189706145	0.562715669959602	0.727810686284155
SupportEnv	=~	SEdiverse	4	4	.p13.	1.01234906431805	0.0179954445356284	56.2558519915272	0	0.97707864114243	1.04761948749367	0.583069058224961	0.773194612171579
Satisf	=~	sameinst	4	4		1	0	NA	NA	1	1	0.540478277537201	0.860995880791113
Satisf	=~	evalexp	4	4	.p15.	0.978880171707294	0.0302663452450305	32.3421993564954	0	0.919559225083379	1.03820111833121	0.529063469119677	0.837869473880685
DevAdj	=~	Belong	4	4		1	0	NA	NA	1	1	0.229949699327922	0.229949699327922
DevAdj	=~	Gains	4	4	.p17.	0.514599613694968	0.0406442338639058	12.661073042195	0	0.434938379142489	0.594260848247446	0.136745900587473	0.136745900587473
DevAdj	=~	SupportEnv	4	4	.p18.	0.916838630416433	0.0485607097623607	18.8802559703745	0	0.821661388218504	1.01201587261436	0.221322893219423	0.221322893219423
DevAdj	=~	Satisf	4	4		0.784855759404751	0.228036979888002	3.4417915891985	0.00057787528419917	0.337911491680983	1.23180002712852	0.201899270765113	0.201899270765113
EmoDiss	=~	MHWdacad	4	4		1	0	NA	NA	1	1	0.873515966976494	0.884025106772376
EmoDiss	=~	MHWdlonely	4	4	.p21.	1.00963579181342	0.0112690784214927	89.5934657698195	0	0.987548803968335	1.0317227796585	0.881932984979976	0.903047709094551
EmoDiss	=~	MHWdmental	4	4	.p22.	1.00236583169008	0.0104241458147393	96.1580785135194	0	0.981934881323598	1.02279678205656	0.875582558732959	0.926005715759309
EmoDiss	=~	MHWdexhaust	4	4	.p23.	1.00323097559725	0.0105567875319319	95.0318430263661	0	0.982540052242223	1.02392189895228	0.876338275749604	0.920290852966266
EmoDiss	=~	MHWdsleep	4	4	.p24.	1.00013610310098	0.011414956104826	87.6162898846486	0	0.977763200250411	1.02250900595154	0.873634855208351	0.905673729949894
EmoDiss	=~	MHWdfinancial	4	4	.p25.	1.00055434974727	0.0131235055315039	76.2413935320384	0	0.974832751554611	1.02627594793993	0.874000200332024	0.837856836060299
QualEngag	=~	QIadmin	4	4		1	0	NA	NA	1	1	0.887183099207391	0.863549228257926
QualEngag	=~	QIstudent	4	4	.p27.	0.989829417746882	0.0115327800547244	85.8274772474654	0	0.967225584198	1.01243325129576	0.878159930523325	0.880453817498487
QualEngag	=~	QIadvisor	4	4	.p28.	1.0007955355884	0.0110193686175931	90.8214953432606	0	0.979197969965549	1.02239310121126	0.88788888493624	0.923906967012684
QualEngag	=~	QIfaculty	4	4	.p29.	1.00354924233443	0.0106270678735755	94.4333144638872	0	0.982720572040958	1.0243779126279	0.890331927021487	0.916241241707807
QualEngag	=~	QIstaff	4	4	.p30.	0.994500310531055	0.0110702142217677	89.8356879648763	0	0.972803089355248	1.01619753170686	0.882303867659654	0.890009838779277
sbvalued	~~	sbvalued	4	4		0.178526793593601	0.0171056125913132	10.4367378040739	0	0.145000408981132	0.21205317820607	0.178526793593601	0.328110770743605
sbmyself	~~	sbmyself	4	4		0.173244099044457	0.0162258341133117	10.6770535082894	0	0.141442048563244	0.205046149525669	0.173244099044457	0.330470322458728
sbcommunity	~~	sbcommunity	4	4		0.128150706270132	0.0141335210037672	9.06714655434937	0	0.100449514128008	0.155851898412256	0.128150706270132	0.254886706196475
pganalyze	~~	pganalyze	4	4		0.247622763329911	0.0176579666563932	14.0232886463322	0	0.213013784643171	0.28223174201665	0.247622763329911	0.474942401716735
pgthink	~~	pgthink	4	4		0.163700235250542	0.0152295826794784	10.748832630268	0	0.13385080169919	0.193549668801895	0.163700235250542	0.368666361461715
pgwork	~~	pgwork	4	4		0.215559189663431	0.0171455296053562	12.5723261179457	0	0.181954569141068	0.249163810185795	0.215559189663431	0.442622532797709
pgvalues	~~	pgvalues	4	4		0.255087361304257	0.017895966926092	14.2539021421829	0	0.220011910660597	0.290162811947917	0.255087361304257	0.485144726072636
pgprobsolve	~~	pgprobsolve	4	4		0.206762693326261	0.0164856112129588	12.5420095533814	0	0.174451489085732	0.23907389756679	0.206762693326261	0.437350027846589
SEacademic	~~	SEacademic	4	4		0.168718076667023	0.0166502915492453	10.1330403835884	0	0.13608410489841	0.201352048435635	0.168718076667023	0.337136772065047
SEwellness	~~	SEwellness	4	4		0.191797411356553	0.0170898023847795	11.2229156919551	0	0.158302014179478	0.225292808533627	0.191797411356553	0.35636574086144
SEnonacad	~~	SEnonacad	4	4		0.239640470806322	0.0187160316735616	12.804021439269	0	0.20295772279263	0.276323218820014	0.239640470806322	0.410029102086659
SEactivities	~~	SEactivities	4	4		0.281130774264667	0.0210223307772941	13.3729593184935	0	0.239927763070083	0.322333785459251	0.281130774264667	0.470291604930587
SEdiverse	~~	SEdiverse	4	4		0.228703137495441	0.0224397283650501	10.1918852926779	0	0.184722078077081	0.272684196913801	0.228703137495441	0.402170091708841
sameinst	~~	sameinst	4	4		0.101935961175888	0.0179948175078111	5.66473992479449	1.47247698478736e-08	0.0666667669522078	0.137205155399569	0.101935961175888	0.258686093260735
evalexp	~~	evalexp	4	4		0.118807066013358	0.0174874479024751	6.79384817475526	1.09181552687687e-11	0.0845322979429863	0.15308183408373	0.118807066013358	0.297974744738905
MHWdacad	~~	MHWdacad	4	4		0.213335516809191	0.0190290595863813	11.2110383511474	0	0.176039245360217	0.250631788258165	0.213335516809191	0.21849961059609
MHWdlonely	~~	MHWdlonely	4	4		0.175977657745774	0.016706310786997	10.5336037375015	0	0.143233890288727	0.208721425202822	0.175977657745774	0.184504835099083
MHWdmental	~~	MHWdmental	4	4		0.127415603162821	0.0123457589465757	10.3205970337014	0	0.10321836026572	0.151612846059923	0.127415603162821	0.142513414381091
MHWdexhaust	~~	MHWdexhaust	4	4		0.138793307581469	0.0130529683429344	10.6330839036009	0	0.113209959737976	0.164376655424961	0.138793307581469	0.153064745946623
MHWdsleep	~~	MHWdsleep	4	4		0.1672621105293	0.0144374984220761	11.5852556751482	0	0.138965133595177	0.195559087463423	0.1672621105293	0.179755094878647
MHWdfinancial	~~	MHWdfinancial	4	4		0.324260278095661	0.0236176472913517	13.7295757742304	0	0.277970540005042	0.37055001618628	0.324260278095661	0.297995922267025
QIadmin	~~	QIadmin	4	4		0.268391764249312	0.0207517508802007	12.9334515337395	0	0.227719079907971	0.309064448590652	0.268391764249312	0.254282730375141
QIstudent	~~	QIstudent	4	4		0.223631231925799	0.0188885379294467	11.8395204944457	0	0.186610377863465	0.260652085988134	0.223631231925799	0.224801075252341
QIadvisor	~~	QIadvisor	4	4		0.135204054921189	0.0133641339286634	10.1169335508681	0	0.109010833736439	0.161397276105939	0.135204054921189	0.146395916305423
QIfaculty	~~	QIfaculty	4	4		0.151553034092683	0.0143962286962847	10.5272733081682	0	0.123336944334763	0.179769123850603	0.151553034092683	0.160501986993737
QIstaff	~~	QIstaff	4	4		0.20429825364974	0.0175484626829052	11.6419459266228	0	0.169903898807201	0.238692608492279	0.20429825364974	0.207882486876085
Belong	~~	Belong	4	4		0.346247815882486	0.0271917564864845	12.7335582772884	0	0.292952952492593	0.399542679272379	0.947123135778998	0.947123135778998
Gains	~~	Gains	4	4		0.268632538133278	0.0217955934445812	12.3250848303956	0	0.225913959960221	0.311351116306334	0.981300558672521	0.981300558672521
SupportEnv	~~	SupportEnv	4	4		0.315476724780383	0.0260741907422534	12.0991952501579	0	0.264372249999539	0.366581199561228	0.951016176936984	0.951016176936984
Satisf	~~	Satisf	4	4		0.280209120482432	0.0243140383466566	11.5245816629619	0	0.23255448100426	0.327863759960605	0.959236684464516	0.959236684464516
DevAdj	~~	DevAdj	4	4		0.0193306425063495	0.01262317687161	1.53136113855973	0.125680162999762	-0.00541032953248507	0.0440716145451841	1	1
EmoDiss	~~	EmoDiss	4	4		0.763030144562879	0.0565070218277311	13.5032801213462	0	0.652278416906907	0.87378187221885	1	1
QualEngag	~~	QualEngag	4	4		0.787093851519231	0.054615943601448	14.4114300626743	0	0.680048569078722	0.89413913395974	1	1
DevAdj	~~	EmoDiss	4	4		-0.105511530845317	0.0203040324128252	-5.19658010290952	2.02988155617589e-07	-0.145306703115389	-0.065716358575246	-0.868772232631524	-0.868772232631524
DevAdj	~~	QualEngag	4	4		0.106225128931456	0.0174044932756567	6.10331638209949	1.03889896685416e-09	0.0721129489419994	0.140337308920913	0.861173906663623	0.861173906663623
EmoDiss	~~	QualEngag	4	4		-0.0643775786609422	0.0358947906605624	-1.79350756687025	0.0728918017984199	-0.134730075588249	0.00597491826636479	-0.0830712088583045	-0.0830712088583045
sbvalued	~1		4	4		2.79019213257625	0.036376429469125	76.7032986276035	0	2.71889564093061	2.8614886242219	2.79019213257625	3.78261944555886
sbmyself	~1		4	4		2.83368742235215	0.0351975111089384	80.5081760918185	0	2.76470156823318	2.90267327647111	2.83368742235215	3.9137127689527
sbcommunity	~1		4	4		2.79029137382919	0.0351175959910992	79.4556488017121	0	2.72146215046301	2.85912059719537	2.79029137382919	3.93516228291471
pganalyze	~1		4	4		2.95046278949134	0.0353471626157989	83.4709937417323	0	2.8811836238087	3.01974195517399	2.95046278949134	4.08615965037387
pgthink	~1		4	4		2.94507215264611	0.0325860333743601	90.378356850374	0	2.88120470083335	3.00893960445888	2.94507215264611	4.4196516859447
pgwork	~1		4	4		2.98585758225919	0.0347730200625978	85.8670767417988	0	2.91770371530281	3.05401144921557	2.98585758225919	4.27860877463406
pgvalues	~1		4	4		2.93439274960688	0.0358746487046117	81.7957208102128	0	2.86407973018781	3.00470576902594	2.93439274960688	4.0467784400472
pgprobsolve	~1		4	4		2.952327825742	0.0336703525604617	87.6833059719384	0	2.88633514737673	3.01832050410727	2.952327825742	4.29381242789063
SEacademic	~1		4	4		2.82522588850382	0.0339794786150704	83.1450629513425	0	2.75862733420484	2.89182444280281	2.82522588850382	3.99369993640576
SEwellness	~1		4	4		2.80760809817248	0.0364832053424631	76.9561794754006	0	2.73610232966068	2.87911386668429	2.80760809817248	3.82704077167747
SEnonacad	~1		4	4		2.82710949702508	0.0340732041053298	82.9716362536878	0	2.76032724414075	2.89389174990941	2.82710949702508	3.69802538906259
SEactivities	~1		4	4		2.79820391246192	0.0378750003909827	73.8799705234621	0	2.72397027578115	2.87243754914268	2.79820391246192	3.61916829157809
SEdiverse	~1		4	4		2.8235738518362	0.0356380727165208	79.2291399789211	0	2.7537245128334	2.893423190839	2.8235738518362	3.74427704319371
sameinst	~1		4	4		3.1223908893485	0.0311736051109867	100.161366586634	0	3.06129174606269	3.18349003263431	3.1223908893485	4.97404947743478
evalexp	~1		4	4		3.07684933912806	0.0311976784405944	98.6243045291624	0	3.01570301298324	3.13799566527289	3.07684933912806	4.8727577832485
MHWdacad	~1		4	4		3.36044519545789	0.0507646767178261	66.1965250785861	0	3.26094825740413	3.45994213351165	3.36044519545789	3.40087420840164
MHWdlonely	~1		4	4		3.34860636337542	0.0484041521733946	69.1801470125942	0	3.25373596841337	3.44347675833747	3.34860636337542	3.42877673996315
MHWdmental	~1		4	4		3.41170935680755	0.0480491484863316	71.0045747798855	0	3.31753475628653	3.50588395732858	3.41170935680755	3.60818329854015
MHWdexhaust	~1		4	4		3.34518330426413	0.048549903129295	68.9019563098912	0	3.2500272426778	3.44033936585046	3.34518330426413	3.51296032776432
MHWdsleep	~1		4	4		3.39193699788344	0.0465452776475328	72.8739233992567	0	3.30070993004386	3.48316406572302	3.39193699788344	3.51632975071205
MHWdfinancial	~1		4	4		3.35917646509907	0.0540110226582314	62.1942762749582	0	3.25331680592076	3.46503612427738	3.35917646509907	3.2202612353486
QIadmin	~1		4	4		5.12079942723021	0.0493549297826887	103.754568181482	0	5.02406554239664	5.21753331206379	5.12079942723021	4.98438529475928
QIstudent	~1		4	4		5.09219448865652	0.0495777845950379	102.711214917138	0	4.99502381641696	5.18936516089608	5.09219448865652	5.10549607326145
QIadvisor	~1		4	4		5.08554654273394	0.0482635321527762	105.370376263301	0	4.99095175794781	5.18014132752007	5.08554654273394	5.29184671822597
QIfaculty	~1		4	4		5.09882755909445	0.0483628664292659	105.428564011024	0	5.00403808270397	5.19361703548493	5.09882755909445	5.2472071956664
QIstaff	~1		4	4		5.09604180458539	0.0470622743651989	108.282947930663	0	5.00380144179906	5.18828216737172	5.09604180458539	5.14055022442797
Belong	~1		4	4		0	0	NA	NA	0	0	0	0
Gains	~1		4	4		0	0	NA	NA	0	0	0	0
SupportEnv	~1		4	4		0	0	NA	NA	0	0	0	0
Satisf	~1		4	4		0	0	NA	NA	0	0	0	0
DevAdj	~1		4	4		0	0	NA	NA	0	0	0	0
EmoDiss	~1		4	4		0	0	NA	NA	0	0	0	0
QualEngag	~1		4	4		0	0	NA	NA	0	0	0	0
Belong	=~	sbvalued	5	5		1	0	NA	NA	1	1	0.623490576068063	0.871059684553619
Belong	=~	sbmyself	5	5	.p2.	0.979845519039858	0.0153118391196972	63.9926733412043	0	0.94983486582818	1.00985617225154	0.610924447123871	0.830889214785754
Belong	=~	sbcommunity	5	5	.p3.	1.01229657350629	0.01499934537878	67.4893835659265	0	0.982898396772207	1.04169475024038	0.631157373767165	0.868297019692176
Gains	=~	pganalyze	5	5		1	0	NA	NA	1	1	0.508945532034807	0.723719757643204
Gains	=~	pgthink	5	5	.p5.	1.01195004878299	0.0222959500286212	45.3871688573017	0	0.968250789725787	1.05564930784019	0.515027455970507	0.773577834482865
Gains	=~	pgwork	5	5	.p6.	0.995778925840216	0.0218142002243811	45.6481977609825	0	0.953023879048884	1.03853397263155	0.506797235200797	0.748519338007375
Gains	=~	pgvalues	5	5	.p7.	0.994427467417822	0.0233921376637335	42.5111839590255	0	0.948579720075501	1.04027521476014	0.506109416474989	0.706570921147516
Gains	=~	pgprobsolve	5	5	.p8.	0.985739993830591	0.0221799176454796	44.4429059470151	0	0.942268154065387	1.0292118335958	0.501687965608097	0.754147244850125
SupportEnv	=~	SEacademic	5	5		1	0	NA	NA	1	1	0.568280289726308	0.830749269579616
SupportEnv	=~	SEwellness	5	5	.p10.	1.0218879172999	0.017299637442652	59.0699036721109	0	0.9879812509667	1.0557945836331	0.580718761711	0.764970629826657
SupportEnv	=~	SEnonacad	5	5	.p11.	1.01952604810797	0.0179540983338641	56.785143377821	0	0.984336661998706	1.05471543421723	0.579376558002315	0.746656233098274
SupportEnv	=~	SEactivities	5	5	.p12.	0.977010654098057	0.0186132210852618	52.4901439478235	0	0.940529411134662	1.01349189706145	0.555215897576534	0.707414941163855
SupportEnv	=~	SEdiverse	5	5	.p13.	1.01234906431805	0.0179954445356284	56.2558519915272	0	0.97707864114243	1.04761948749367	0.575298019574818	0.775778914249793
Satisf	=~	sameinst	5	5		1	0	NA	NA	1	1	0.519860034706126	0.833606733824481
Satisf	=~	evalexp	5	5	.p15.	0.978880171707294	0.0302663452450305	32.3421993564954	0	0.919559225083379	1.03820111833121	0.508880680036892	0.824520881893885
DevAdj	=~	Belong	5	5		1	0	NA	NA	1	1	0.438589751118182	0.438589751118182
DevAdj	=~	Gains	5	5	.p17.	0.514599613694968	0.0406442338639059	12.661073042195	0	0.434938379142489	0.594260848247446	0.276494516238207	0.276494516238207
DevAdj	=~	SupportEnv	5	5	.p18.	0.916838630416433	0.0485607097623606	18.8802559703745	0	0.821661388218504	1.01201587261436	0.441182912173077	0.441182912173077
DevAdj	=~	Satisf	5	5		0.827718072917343	0.201432089292842	4.1091668950224	3.97089033508102e-05	0.432918432572716	1.22251771326197	0.435395944070146	0.435395944070146
EmoDiss	=~	MHWdacad	5	5		1	0	NA	NA	1	1	0.806110752787604	0.892348167341274
EmoDiss	=~	MHWdlonely	5	5	.p21.	1.00963579181342	0.0112690784214927	89.5934657698195	0	0.987548803968335	1.0317227796585	0.813878268180024	0.911074048156558
EmoDiss	=~	MHWdmental	5	5	.p22.	1.00236583169008	0.0104241458147393	96.1580785135195	0	0.981934881323599	1.02279678205656	0.808017875152265	0.907678200897014
EmoDiss	=~	MHWdexhaust	5	5	.p23.	1.00323097559725	0.0105567875319319	95.0318430263663	0	0.982540052242224	1.02392189895228	0.808715276958544	0.907113515788251
EmoDiss	=~	MHWdsleep	5	5	.p24.	1.00013610310097	0.011414956104826	87.6162898846485	0	0.977763200250409	1.02250900595154	0.806220466960787	0.838424089931372
EmoDiss	=~	MHWdfinancial	5	5	.p25.	1.00055434974727	0.0131235055315039	76.2413935320386	0	0.974832751554611	1.02627594793993	0.806557620079685	0.819072201727268
QualEngag	=~	QIadmin	5	5		1	0	NA	NA	1	1	1.01207511333446	0.906705017165477
QualEngag	=~	QIstudent	5	5	.p27.	0.98982941774688	0.0115327800547244	85.8274772474654	0	0.967225584197999	1.01243325129576	1.00178172014795	0.896618610401631
QualEngag	=~	QIadvisor	5	5	.p28.	1.0007955355884	0.0110193686175931	90.8214953432607	0	0.979197969965551	1.02239310121126	1.01288025510525	0.933898741927732
QualEngag	=~	QIfaculty	5	5	.p29.	1.00354924233443	0.0106270678735755	94.433314463887	0	0.982720572040956	1.0243779126279	1.01566721317232	0.936749306989298
QualEngag	=~	QIstaff	5	5	.p30.	0.994500310531054	0.0110702142217677	89.8356879648761	0	0.972803089355247	1.01619753170686	1.00650901449187	0.90296253803363
sbvalued	~~	sbvalued	5	5		0.123606221122418	0.0234518837879319	5.27063080476394	1.35955695368395e-07	0.0776413735284525	0.169571068716383	0.123606221122418	0.24125502594535
sbmyself	~~	sbmyself	5	5		0.167387158860341	0.0241505654383439	6.9309830151877	4.17932355389894e-12	0.120052920394909	0.214721397325773	0.167387158860341	0.309623112752713
sbcommunity	~~	sbcommunity	5	5		0.130011037443931	0.0229282002476037	5.67035511029778	1.42501839217601e-08	0.0850725907283049	0.174949484159556	0.130011037443931	0.246060285593684
pganalyze	~~	pganalyze	5	5		0.235514820675886	0.0305919935354602	7.69857709347687	1.37667655053519e-14	0.175555615131102	0.29547402622067	0.235514820675886	0.476229712396862
pgthink	~~	pgthink	5	5		0.178000786450417	0.0270121672218837	6.58965217371417	4.40858460848403e-11	0.125057911551151	0.230943661349682	0.178000786450417	0.401577333996801
pgwork	~~	pgwork	5	5		0.201575366906557	0.0333192087536291	6.04982454406579	1.45003675733335e-09	0.136270917756072	0.266879816057042	0.201575366906557	0.439718800629
pgvalues	~~	pgvalues	5	5		0.256924077997696	0.0374092430960609	6.86793040260015	6.51390053008072e-12	0.183603308840513	0.330244847154879	0.256924077997696	0.500757533388751
pgprobsolve	~~	pgprobsolve	5	5		0.190851771070417	0.0270273027717232	7.06144348484868	1.64779301314866e-12	0.13787923103858	0.243824311102254	0.190851771070417	0.431261933084966
SEacademic	~~	SEacademic	5	5		0.144992210611683	0.0186178652253965	7.78779998975933	6.88338275267597e-15	0.108501865300885	0.181482555922481	0.144992210611683	0.309855651092935
SEwellness	~~	SEwellness	5	5		0.239057190855081	0.0327914454763399	7.29023034460524	3.09530179265494e-13	0.174787138720446	0.303327242989716	0.239057190855081	0.414819935502608
SEnonacad	~~	SEnonacad	5	5		0.266439193575094	0.0344088345315442	7.74333676808601	9.76996261670138e-15	0.198999117143269	0.333879270006919	0.266439193575094	0.442504469575495
SEactivities	~~	SEactivities	5	5		0.307727672032281	0.0401205339167588	7.6700791836606	1.70974345792274e-14	0.229092870514916	0.386362473549646	0.307727672032281	0.499564101018139
SEdiverse	~~	SEdiverse	5	5		0.218965231950384	0.0260477852999034	8.40628980273405	0	0.167912510885541	0.270017953015226	0.218965231950384	0.398167076205412
sameinst	~~	sameinst	5	5		0.118656730217891	0.031539112016668	3.76220897263001	0.00016841923214006	0.0568412065608476	0.180472253874935	0.118656730217891	0.305099813322481
evalexp	~~	evalexp	5	5		0.121955920658003	0.0320079858217314	3.8101716658223	0.000138870330969265	0.0592214212297407	0.184690420086265	0.121955920658003	0.32016531532093
MHWdacad	~~	MHWdacad	5	5		0.16624294660957	0.0241141742871299	6.89399291180776	5.42477174292344e-12	0.118980033489874	0.213505859729267	0.16624294660957	0.20371474824267
MHWdlonely	~~	MHWdlonely	5	5		0.135618079510403	0.0223655849963291	6.06369471367114	1.33029565141385e-09	0.091782338424429	0.179453820596378	0.135618079510403	0.169944078775621
MHWdmental	~~	MHWdmental	5	5		0.13956852932096	0.0226002627513645	6.17552684481659	6.59432064509247e-10	0.0952728282871437	0.183864230354777	0.13956852932096	0.176120283616361
MHWdexhaust	~~	MHWdexhaust	5	5		0.140798195105184	0.0221174023310692	6.36594628056292	1.94089411209575e-10	0.0974488831047057	0.184147507105661	0.140798195105184	0.177145069474278
MHWdsleep	~~	MHWdsleep	5	5		0.274664451771702	0.0370751066577254	7.40832533018404	1.27897692436818e-13	0.201998577999579	0.347330325543824	0.274664451771702	0.297045045422751
MHWdfinancial	~~	MHWdfinancial	5	5		0.319140307487536	0.0355019524447553	8.98937341500165	0	0.249557759314962	0.38872285566011	0.319140307487536	0.329120728357646
QIadmin	~~	QIadmin	5	5		0.221633422187169	0.0242456618051494	9.14115786850156	0	0.174112798267738	0.2691540461066	0.221633422187169	0.177886011846952
QIstudent	~~	QIstudent	5	5		0.244767121610483	0.0291605899896706	8.39376438189989	0	0.18761341546279	0.301920827758177	0.244767121610483	0.196075067481448
QIadvisor	~~	QIadvisor	5	5		0.150369614302273	0.0204499013848063	7.35307283261489	1.93622895494627e-13	0.110288544100657	0.190450684503889	0.150369614302273	0.127833139825799
QIfaculty	~~	QIfaculty	5	5		0.144010713770571	0.019326653520045	7.45140453939466	9.2370555648813e-14	0.106131168929599	0.181890258611543	0.144010713770571	0.122500735855071
QIstaff	~~	QIstaff	5	5		0.229438101279462	0.0281586009121936	8.14806467107202	4.44089209850063e-16	0.174248257636525	0.284627944922398	0.229438101279462	0.184658654907866
Belong	~~	Belong	5	5		0.313961999169616	0.0470714456283697	6.66990348349091	2.55970800111527e-11	0.221703661037776	0.406220337301456	0.807639030214091	0.807639030214091
Gains	~~	Gains	5	5		0.239223253615648	0.0258654943524305	9.24874082652777	0	0.18852781624256	0.289918690988736	0.9235507824902	0.9235507824902
SupportEnv	~~	SupportEnv	5	5		0.260084199099097	0.0335194629775054	7.75919946192565	8.43769498715119e-15	0.194387258882062	0.325781139316131	0.805357638006483	0.805357638006483
Satisf	~~	Satisf	5	5		0.219022419024705	0.0381096867403839	5.74715873464823	9.0755523096675e-09	0.144328805551449	0.293716032497961	0.810430371887266	0.810430371887266
DevAdj	~~	DevAdj	5	5		0.0747784992760697	0.0230923583234538	3.23823570674984	0.00120271398434268	0.0295183086440067	0.120038689908133	1	1
EmoDiss	~~	EmoDiss	5	5		0.649814545759798	0.0734132714219515	8.85145877813987	0	0.505927177785509	0.793701913734087	1	1
QualEngag	~~	QualEngag	5	5		1.02429603503095	0.120393958309937	8.50786907756657	0	0.788328212787257	1.26026385727464	1	1
DevAdj	~~	EmoDiss	5	5		-0.139731736667421	0.0345541639525909	-4.04384654940969	5.25813405767295e-05	-0.207456653530392	-0.0720068198044511	-0.633887182068316	-0.633887182068316
DevAdj	~~	QualEngag	5	5		0.145554747149493	0.0442431560441926	3.2898816486804	0.00100229530494866	0.0588397547404896	0.232269739558496	0.525926744071469	0.525926744071469
EmoDiss	~~	QualEngag	5	5		0.0136575758154744	0.0668043433456464	0.204441434964939	0.838008553458596	-0.11727653115284	0.144591682783789	0.016740412681972	0.016740412681972
sbvalued	~1		5	5		2.6213464414866	0.0567081345081204	46.225227901144	0	2.51020054022023	2.73249234275297	2.6213464414866	3.66220323461281
sbmyself	~1		5	5		2.61159189228538	0.0562405829275629	46.4360743850943	0	2.50136237527782	2.72182140929294	2.61159189228538	3.55190162537703
sbcommunity	~1		5	5		2.5555637807589	0.0573019564907174	44.5981941501925	0	2.44325400979341	2.66787355172439	2.5555637807589	3.51574505296806
pganalyze	~1		5	5		2.92983345372999	0.0548572446808919	53.4083231991147	0	2.82231522986434	3.03735167759564	2.92983345372999	4.16621862970477
pgthink	~1		5	5		2.98018032139937	0.0546993858852827	54.4828844632643	0	2.87297149508775	3.08738914771098	2.98018032139937	4.47626900793535
pgwork	~1		5	5		2.91774425673357	0.0560928685019712	52.0163139211009	0	2.80780425468016	3.02768425878697	2.91774425673357	4.30939209575545
pgvalues	~1		5	5		2.92976355784427	0.051912030200726	56.4370830136267	0	2.82801784828649	3.03150926740205	2.92976355784427	4.09019407350377
pgprobsolve	~1		5	5		2.87612903432377	0.0513924579984939	55.9640294770112	0	2.77540166756974	2.97685640107781	2.87612903432377	4.32345389118442
SEacademic	~1		5	5		2.55177773118423	0.0559530816971117	45.60566913897	0	2.44211170623386	2.6614437561346	2.55177773118423	3.73035546830561
SEwellness	~1		5	5		2.47828673297593	0.0582231666091651	42.5653030796477	0	2.36417142335609	2.59240204259577	2.47828673297593	3.26460360507367
SEnonacad	~1		5	5		2.57859851907447	0.0601648236196907	42.8589059842362	0	2.46067763164368	2.69651940650527	2.57859851907447	3.32310071978653
SEactivities	~1		5	5		2.56487546941857	0.0743562003285087	34.4944397116427	0	2.41913999474744	2.71061094408969	2.56487546941857	3.26797420104715
SEdiverse	~1		5	5		2.57854694935037	0.0618582364494667	41.6847795435752	0	2.45730703376225	2.69978686493848	2.57854694935037	3.47712365529705
sameinst	~1		5	5		2.79840907446045	0.0482784383921854	57.963951769273	0	2.70378507398193	2.89303307493897	2.79840907446045	4.48730906922759
evalexp	~1		5	5		2.8283126976172	0.0500916008408403	56.4628131291671	0	2.73013496404119	2.9264904311932	2.8283126976172	4.58261233171977
MHWdacad	~1		5	5		3.65481167797304	0.070509643843783	51.8342098858197	0	3.51661531547648	3.79300804046961	3.65481167797304	4.0458020086429
MHWdlonely	~1		5	5		3.62984315400211	0.0750786298680847	48.3472215779622	0	3.48269174345205	3.77699456455216	3.62984315400211	4.06332989316109
MHWdmental	~1		5	5		3.61356429857699	0.0710202745057565	50.8807424883172	0	3.47436711837356	3.75276147878042	3.61356429857699	4.0592586404601
MHWdexhaust	~1		5	5		3.59808190908753	0.0674748426244267	53.3247914206321	0	3.46583364768115	3.73033017049391	3.59808190908753	4.03586877067713
MHWdsleep	~1		5	5		3.59246847277998	0.0746939197936431	48.0958621893843	0	3.44607108012032	3.73886586543965	3.59246847277998	3.73596582241592
MHWdfinancial	~1		5	5		3.6623089576418	0.0823873973572999	44.4522958014925	0	3.5008326260415	3.8237852892421	3.6623089576418	3.71913349606046
QIadmin	~1		5	5		4.90014392172319	0.0981072219742053	49.9468216826235	0	4.70785730003047	5.09243054341591	4.90014392172319	4.38997562544657
QIstudent	~1		5	5		4.85665255946184	0.0987145741623883	49.1989415004973	0	4.66317554935436	5.05012956956933	4.85665255946184	4.34682025184596
QIadvisor	~1		5	5		4.8099301550047	0.0921686572877779	52.1861801673716	0	4.62928290621725	4.99057740379216	4.8099301550047	4.434865521248
QIfaculty	~1		5	5		4.83246044032621	0.0903854571020084	53.4650218659881	0	4.65530819968008	5.00961268097234	4.83246044032621	4.45697558198203
QIstaff	~1		5	5		4.78924111493284	0.0894584480477412	53.5359289083236	0	4.61390577864642	4.96457645121926	4.78924111493284	4.2965390772759
Belong	~1		5	5		0	0	NA	NA	0	0	0	0
Gains	~1		5	5		0	0	NA	NA	0	0	0	0
SupportEnv	~1		5	5		0	0	NA	NA	0	0	0	0
Satisf	~1		5	5		0	0	NA	NA	0	0	0	0
DevAdj	~1		5	5		0	0	NA	NA	0	0	0	0
EmoDiss	~1		5	5		0	0	NA	NA	0	0	0	0
QualEngag	~1		5	5		0	0	NA	NA	0	0	0	0
