lhs	op	rhs	block	group	label	est	se	z	pvalue	std.lv	std.all	std.nox
Belong	=~	sbvalued	1	1		1	0	NA	NA	0.684870949117996	0.873427808455022	0.873427808455022
Belong	=~	sbmyself	1	1		0.979762041720605	0.0204361430701852	47.9426102252144	0	0.671010559422976	0.849097076401242	0.849097076401242
Belong	=~	sbcommunity	1	1		1.00341481265094	0.0198059127060234	50.6623869116506	0	0.687209655099302	0.879592238885351	0.879592238885351
Gains	=~	pganalyze	1	1		1	0	NA	NA	0.514557761058032	0.725347667321039	0.725347667321039
Gains	=~	pgthink	1	1		1.02043139850391	0.0326800348302294	31.224917715204	0	0.52507089572749	0.795004540200542	0.795004540200542
Gains	=~	pgwork	1	1		1.00474433232594	0.0318871919114476	31.5093387688753	0	0.516998994077384	0.750605396810462	0.750605396810462
Gains	=~	pgvalues	1	1		0.982919812442174	0.034655613832494	28.3624989934694	0	0.505769017989826	0.697961257706169	0.697961257706169
Gains	=~	pgprobsolve	1	1		0.984479556283379	0.0332632222925003	29.5966382218282	0	0.506571596288581	0.755322462682047	0.755322462682047
SupportEnv	=~	SEacademic	1	1		1	0	NA	NA	0.608000131976379	0.826327556690908	0.826327556690908
SupportEnv	=~	SEwellness	1	1		0.997311362325914	0.0252299100063789	39.5289306253475	0	0.606365439915698	0.806875887347784	0.806875887347784
SupportEnv	=~	SEnonacad	1	1		1.01265325138907	0.0260293054970173	38.9043515396563	0	0.615693310490862	0.779753073189157	0.779753073189157
SupportEnv	=~	SEactivities	1	1		0.986396636574404	0.0257797073265435	38.2625226919773	0	0.599729285218294	0.751269682816958	0.751269682816958
SupportEnv	=~	SEdiverse	1	1		1.02289546020621	0.0262567860617379	38.9573749735046	0	0.621920574803415	0.795723286826346	0.795723286826346
Satisf	=~	sameinst	1	1		1	0	NA	NA	0.567184710863049	0.874911450813067	0.874911450813067
Satisf	=~	evalexp	1	1		0.985858615246527	0.0456211868988341	21.6096660841527	0	0.559163933640448	0.845030361710289	0.845030361710289
DevAdj	=~	Belong	1	1		1	0	NA	NA	0.485513591110337	0.485513591110337	0.485513591110337
DevAdj	=~	Gains	1	1		0.344507150455138	0.049737312119402	6.92653333634307	4.31277236145888e-12	0.222625159571882	0.222625159571882	0.222625159571882
DevAdj	=~	SupportEnv	1	1		0.80093950821127	0.0600336464914855	13.3415102200208	0	0.438032343965162	0.438032343965162	0.438032343965162
DevAdj	=~	Satisf	1	1		0.802827262388276	0.0593519120436728	13.526561061715	0	0.470660479401106	0.470660479401106	0.470660479401106
EmoDiss	=~	MHWdacad	1	1		1	0	NA	NA	1.05517872788039	0.915236221598775	0.915236221598775
EmoDiss	=~	MHWdlonely	1	1		1.0159134434293	0.0151831555716719	66.9105601028516	0	1.07197025487431	0.934493010499593	0.934493010499593
EmoDiss	=~	MHWdmental	1	1		1.00131057974357	0.0137209130945521	72.9769639122004	0	1.056561623747	0.945704748418226	0.945704748418226
EmoDiss	=~	MHWdexhaust	1	1		1.01450194021	0.0138718532821717	73.1338430110023	0	1.07048086670298	0.947758068407021	0.947758068407021
EmoDiss	=~	MHWdsleep	1	1		1.00567655013804	0.0152385023656573	65.9957603448296	0	1.0611685028338	0.927662697329034	0.927662697329034
EmoDiss	=~	MHWdfinancial	1	1		1.01295024024794	0.0177043427898241	57.2147891776108	0	1.06884354591096	0.875141667637762	0.875141667637762
QualEngag	=~	QIadmin	1	1		1	0	NA	NA	0.950466050439354	0.878242786304627	0.878242786304627
QualEngag	=~	QIstudent	1	1		0.992711605256133	0.0175400281126736	56.5969221302928	0	0.943538678673108	0.893037457959142	0.893037457959142
QualEngag	=~	QIadvisor	1	1		1.0044471869117	0.016492778912919	60.9022404420217	0	0.954692950618882	0.915989109432135	0.915989109432135
QualEngag	=~	QIfaculty	1	1		1.01590757101858	0.0165499656953905	61.3842705004234	0	0.965585656637466	0.930250027075987	0.930250027075987
QualEngag	=~	QIstaff	1	1		0.985660951214258	0.0167725533556022	58.7663029186332	0	0.936837271372913	0.906014706724715	0.906014706724715
EmoDiss	~	x_FASt	1	1	W3__a1_g1	0.135774383192318	0.0905533854437858	1.49938494874501	0.133773795962224	0.128674299059323	0.0642015619943266	0.128674299059323
EmoDiss	~	credit_dose_c	1	1	W3__a1c_g1	-0.0897036602102688	0.0747709362966136	-1.19971294534039	0.230250843669124	-0.0850127640371054	-0.154594204793909	-0.0850127640371054
EmoDiss	~	XZ_c	1	1	W3__a1z_g1	0.118396542404621	0.0792205571145036	1.49451792207789	0.135040301144295	0.112205202091642	0.173140009554873	0.112205202091642
EmoDiss	~	cohort	1	1	W3__g1_g1	0.109755391141497	0.050709772931266	2.16438340771637	0.0304349361682119	0.104015924735301	0.0519807925433011	0.104015924735301
EmoDiss	~	hgrades_c	1	1		-0.0237261416545242	0.0263022442578177	-0.902057688384221	0.367026223747667	-0.0224854245329457	-0.021715720661202	-0.0224854245329457
EmoDiss	~	bparented_c	1	1		-0.0314354810138784	0.0264889457008388	-1.18673960711403	0.235330347023485	-0.0297916174608873	-0.0290371111690859	-0.0297916174608873
EmoDiss	~	hapcl_c	1	1		-0.0699336322295592	0.0570133790712725	-1.2266179161585	0.219966232130242	-0.0662765751258458	-0.0305432304602753	-0.0662765751258458
EmoDiss	~	hprecalc13_c	1	1		0.0133290959637681	0.0517603427222351	0.257515604857892	0.79678077047085	0.0126320741800237	0.00620506095497133	0.0126320741800237
EmoDiss	~	hchallenge_c	1	1		-0.0163542214350205	0.0219792551830941	-0.744075324608802	0.456830906476063	-0.0154990060005022	-0.018373483739946	-0.0154990060005022
EmoDiss	~	cSFcareer_c	1	1		-0.00160321618270646	0.0310147930148563	-0.0516919839490306	0.958774124583917	-0.00151937879370156	-0.00123669007436605	-0.00151937879370156
EmoDiss	~	hacadpr13_c	1	1		0.00837969513020039	0.00316353918713172	2.64883557133933	0.0080769618411447	0.00794149361505159	0.0612234544067348	0.00794149361505159
EmoDiss	~	tcare_c	1	1		-0.00559138145493174	0.0046815101073499	-1.19435424184033	0.232339428066612	-0.00529898993146262	-0.0292047014408012	-0.00529898993146262
EmoDiss	~	StemMaj_c	1	1		-0.113049558854531	0.0592278101649603	-1.9087242722577	0.056297670299563	-0.107137829703619	-0.0465593970589281	-0.107137829703619
QualEngag	~	x_FASt	1	1	W3__a2_g1	0.162631674884666	0.0829150048185648	1.96142634545505	0.049829309221016	0.171107295004897	0.0853733471893545	0.171107295004897
QualEngag	~	credit_dose_c	1	1	W3__a2c_g1	-0.0818340889192033	0.0697019508671596	-1.17405736713404	0.240372048285484	-0.0860989078793245	-0.156569338122198	-0.0860989078793245
QualEngag	~	XZ_c	1	1	W3__a2z_g1	0.0356556844325847	0.0737887859090703	0.483212780821778	0.628944661375152	0.0375138958578298	0.0578864095976617	0.0375138958578298
QualEngag	~	cohort	1	1	W3__g2_g1	0.0546506753997599	0.0452066694573418	1.20890735937381	0.226698438482162	0.0574988189998976	0.0287343903303698	0.0574988189998976
QualEngag	~	hgrades_c	1	1		0.0668876220843911	0.0236476232796747	2.82851351670006	0.00467647262353155	0.0703734994568951	0.0679645275951115	0.0703734994568951
QualEngag	~	bparented_c	1	1		-0.0218971862485448	0.0228266443232646	-0.959281878599539	0.337416761886192	-0.0230383675865359	-0.0224548949597241	-0.0230383675865359
QualEngag	~	hapcl_c	1	1		0.0889513417634573	0.0489805405924198	1.81605471657909	0.0693619791332016	0.0935870794357562	0.0431291407240458	0.0935870794357562
QualEngag	~	hprecalc13_c	1	1		0.0889532476512145	0.0463125731558305	1.92071486401562	0.0547676646486455	0.0935890846496787	0.045972337297511	0.0935890846496787
QualEngag	~	hchallenge_c	1	1		-0.0138510611161743	0.0191109386525877	-0.724771366177704	0.468592304854805	-0.0145729151606958	-0.0172756381757631	-0.0145729151606958
QualEngag	~	cSFcareer_c	1	1		0.00326657920181153	0.0274372322042851	0.11905644044159	0.905230640704827	0.00343681839062168	0.00279737956637256	0.00343681839062168
QualEngag	~	hacadpr13_c	1	1		-0.00539568298087959	0.00289712228690092	-1.86242845366787	0.0625427215564471	-0.00567688133456785	-0.0437648510981144	-0.00567688133456785
QualEngag	~	tcare_c	1	1		0.000955726933270757	0.00396948977871654	0.240768206129447	0.809734772639971	0.00100553505601696	0.00554187712735076	0.00100553505601696
QualEngag	~	StemMaj_c	1	1		0.0360999961056253	0.0527860547175432	0.683892673904036	0.494042940509666	0.0379813630259998	0.0165057418734241	0.0379813630259998
DevAdj	~	x_FASt	1	1	W3__c_g1	-0.0294946763904589	0.0368288814578009	-0.800857240919859	0.423214296588989	-0.0887020177631007	-0.044257541203423	-0.0887020177631007
DevAdj	~	credit_dose_c	1	1	W3__cc_g1	0.061474650538184	0.0307269299627344	2.00067662512136	0.045427250027553	0.184878297080836	0.336197906803609	0.184878297080836
DevAdj	~	XZ_c	1	1	W3__cz_g1	-0.0559167903186207	0.0321772777338727	-1.73777256053447	0.0822508974208955	-0.168163639513683	-0.259487560375334	-0.168163639513683
DevAdj	~	EmoDiss	1	1	W3__b1_g1	-0.221067620086785	0.0146655610181878	-15.0739286286166	0	-0.701521566421483	-0.701521566421483	-0.701521566421483
DevAdj	~	QualEngag	1	1	W3__b2_g1	0.165605213168797	0.0128193382882916	12.9183901262712	0	0.473369722826179	0.473369722826179	0.473369722826179
DevAdj	~	cohort	1	1	W3__g3_g1	-0.000379167667547426	0.0202259026282251	-0.0187466376416892	0.98504322332321	-0.0011403053465223	-0.000569854816023919	-0.0011403053465223
DevAdj	~	hgrades_c	1	1		0.0180351148584092	0.0103228010309028	1.74711445124424	0.0806174871356002	0.0542386380969979	0.0523819824808144	0.0542386380969979
DevAdj	~	bparented_c	1	1		-0.000566397143911756	0.0100059592598188	-0.05660598141612	0.954859069706152	-0.00170337754702344	-0.00166023759068405	-0.00170337754702344
DevAdj	~	hapcl_c	1	1		0.0203722972392128	0.0210151240099255	0.969411231149099	0.332340050885806	0.0612674588344485	0.0282348040969643	0.0612674588344485
DevAdj	~	hprecalc13_c	1	1		0.00115647911215201	0.0203666609721586	0.0567829510066929	0.95471809514906	0.00347798461629997	0.00170843728726057	0.00347798461629997
DevAdj	~	hchallenge_c	1	1		-0.00711005713697764	0.00808499400932278	-0.879414026625012	0.37917682954529	-0.0213827202615068	-0.02534840382847	-0.0213827202615068
DevAdj	~	cSFcareer_c	1	1		-0.00721939915649516	0.0127273498597718	-0.567235067475751	0.57055448592015	-0.021711554442601	-0.0176720012083417	-0.021711554442601
DevAdj	~	hacadpr13_c	1	1		-0.000967777184784403	0.00127286356655153	-0.760314938863659	0.447066354334324	-0.00291048418023121	-0.0224378314895555	-0.00291048418023121
DevAdj	~	tcare_c	1	1		-0.00445307119676743	0.00175699136493554	-2.53448667172637	0.0112612210915064	-0.0133921252488734	-0.0738089757878082	-0.0133921252488734
DevAdj	~	StemMaj_c	1	1		0.00505058753832857	0.0224668557317148	0.224801707841967	0.822133537416729	0.015189090383912	0.00660079536896401	0.015189090383912
sbvalued	~~	sbvalued	1	1		0.145793687858028	0.00839014606777541	17.376775884509	0	0.145793687858028	0.237123863417457	0.237123863417457
sbmyself	~~	sbmyself	1	1		0.174261474257306	0.00872738605791807	19.9672013018382	0	0.174261474257306	0.279034154846863	0.279034154846863
sbcommunity	~~	sbcommunity	1	1		0.13814458051231	0.00813184817235423	16.9880914626466	0	0.13814458051231	0.226317493292656	0.226317493292656
pganalyze	~~	pganalyze	1	1		0.238471092639963	0.00922238483963478	25.8578552930358	0	0.238471092639963	0.473870761511927	0.473870761511927
pgthink	~~	pgthink	1	1		0.160511616615405	0.0077812657098201	20.6279572760041	0	0.160511616615405	0.367967781060526	0.367967781060526
pgwork	~~	pgwork	1	1		0.207124439007731	0.00875754985780034	23.6509574448207	0	0.207124439007731	0.436591538279008	0.436591538279008
pgvalues	~~	pgvalues	1	1		0.269297450017279	0.0107347468849489	25.0865207073357	0	0.269297450017279	0.512850082741222	0.512850082741222
pgprobsolve	~~	pgprobsolve	1	1		0.193182543720764	0.00821202130068836	23.5243597948986	0	0.193182543720764	0.429487977367928	0.429487977367928
SEacademic	~~	SEacademic	1	1		0.171716671354728	0.00725077500269371	23.6825265286723	0	0.171716671354728	0.317182769053235	0.317182769053235
SEwellness	~~	SEwellness	1	1		0.19706987004505	0.00795317428325153	24.7787692091768	0	0.19706987004505	0.348951302416726	0.348951302416726
SEnonacad	~~	SEnonacad	1	1		0.244390482388688	0.00970535342600643	25.1809977093488	0	0.244390482388688	0.391985144852065	0.391985144852065
SEactivities	~~	SEactivities	1	1		0.277587904752907	0.0108076078636266	25.6844908008865	0	0.277587904752907	0.435593863680107	0.435593863680107
SEdiverse	~~	SEdiverse	1	1		0.224080461174633	0.00923176282529249	24.272770587294	0	0.224080461174633	0.366824450802276	0.366824450802276
sameinst	~~	sameinst	1	1		0.0985641875832177	0.0142742023243668	6.90505748366504	5.01820807130571e-12	0.0985641875832177	0.234529953236173	0.234529953236173
evalexp	~~	evalexp	1	1		0.125194085710486	0.0145005894969703	8.63372387285663	0	0.125194085710486	0.285923687787778	0.285923687787778
MHWdacad	~~	MHWdacad	1	1		0.215783538118186	0.0091241513623096	23.6497104826157	0	0.215783538118186	0.162342658673598	0.162342658673598
MHWdlonely	~~	MHWdlonely	1	1		0.166750889959932	0.0074252977814253	22.4571316691253	0	0.166750889959932	0.126722813327408	0.126722813327408
MHWdmental	~~	MHWdmental	1	1		0.131861288082969	0.00616749352463778	21.3800448360768	0	0.131861288082969	0.10564252881922	0.10564252881922
MHWdexhaust	~~	MHWdexhaust	1	1		0.129812668076389	0.00607343098457533	21.373860739683	0	0.129812668076389	0.101754643769393	0.101754643769393
MHWdsleep	~~	MHWdsleep	1	1		0.182465965383735	0.00784633280631548	23.2549357627131	0	0.182465965383735	0.139441919984221	0.139441919984221
MHWdfinancial	~~	MHWdfinancial	1	1		0.349239347777865	0.0122238976286115	28.5702120868903	0	0.349239347777865	0.234127061564197	0.234127061564197
QIadmin	~~	QIadmin	1	1		0.267849269355278	0.0107982726858636	24.8048254704596	0	0.267849269355278	0.228689608303886	0.228689608303886
QIstudent	~~	QIstudent	1	1		0.226032551874028	0.0100510814931263	22.4883811785434	0	0.226032551874028	0.202484098681874	0.202484098681874
QIadvisor	~~	QIadvisor	1	1		0.174853945290975	0.00801337344572947	21.8202666424038	0	0.174853945290975	0.160963951401724	0.160963951401724
QIfaculty	~~	QIfaculty	1	1		0.145057383545866	0.00674792376266561	21.4965949005571	0	0.145057383545866	0.134634887125126	0.134634887125126
QIstaff	~~	QIstaff	1	1		0.191533160285563	0.00800232860078949	23.9346782468627	0	0.191533160285563	0.179137351198529	0.179137351198529
Belong	~~	Belong	1	1		0.358482554366424	0.0169451937751211	21.1554119193814	0	0.764276552847144	0.764276552847144	0.764276552847144
Gains	~~	Gains	1	1		0.251647184263244	0.014585327169577	17.2534480260508	0	0.950438038325594	0.950438038325594	0.950438038325594
SupportEnv	~~	SupportEnv	1	1		0.298735835082277	0.0151016474623704	19.7816718888885	0	0.808127665640386	0.808127665640386	0.808127665640386
Satisf	~~	Satisf	1	1		0.250435431366256	0.0166581668581593	15.0337929436449	0	0.778478713129921	0.778478713129921	0.778478713129921
DevAdj	~~	DevAdj	1	1		0.0292686182826397	0.00710991658917939	4.1165909494893	3.84517633573722e-05	0.26471707038007	0.26471707038007	0.26471707038007
EmoDiss	~~	EmoDiss	1	1		1.09473872762314	0.0402757531523827	27.1810864338455	0	0.983237485049316	0.983237485049316	0.983237485049316
QualEngag	~~	QualEngag	1	1		0.890509107437306	0.0365854596426153	24.3405198714526	0	0.98574628155544	0.98574628155544	0.98574628155544
x_FASt	~~	x_FASt	1	1		0.24894738371121	0	NA	NA	0.24894738371121	1	0.24894738371121
x_FASt	~~	credit_dose_c	1	1		0.687305871062997	0	NA	NA	0.687305871062997	0.757507954256015	0.687305871062997
x_FASt	~~	XZ_c	1	1		0.505562450191317	0	NA	NA	0.505562450191317	0.656653981504836	0.505562450191317
x_FASt	~~	cohort	1	1		-0.00383717507493347	0	NA	NA	-0.00383717507493347	-0.0153891548316134	-0.00383717507493347
x_FASt	~~	hgrades_c	1	1		-0.000632564330735844	0	NA	NA	-0.000632564330735844	-0.00131273710528757	-0.000632564330735844
x_FASt	~~	bparented_c	1	1		-0.00743801410752747	0	NA	NA	-0.00743801410752747	-0.0152948030861751	-0.00743801410752747
x_FASt	~~	hapcl_c	1	1		0.00177085340113417	0	NA	NA	0.00177085340113417	0.00770147509854821	0.00177085340113417
x_FASt	~~	hprecalc13_c	1	1		-0.00158570392155644	0	NA	NA	-0.00158570392155644	-0.00646989052585756	-0.00158570392155644
x_FASt	~~	hchallenge_c	1	1		0.0122302966166907	0	NA	NA	0.0122302966166907	0.0206773816501038	0.0122302966166907
x_FASt	~~	cSFcareer_c	1	1		-0.00223347223730902	0	NA	NA	-0.00223347223730902	-0.00549961085645585	-0.00223347223730902
x_FASt	~~	hacadpr13_c	1	1		0.0861464849090733	0	NA	NA	0.0861464849090733	0.0223958803731493	0.0861464849090733
x_FASt	~~	tcare_c	1	1		-0.00420865355946154	0	NA	NA	-0.00420865355946154	-0.00153048725714062	-0.00420865355946154
x_FASt	~~	StemMaj_c	1	1		0.00188889809678894	0	NA	NA	0.00188889809678894	0.00871144587782667	0.00188889809678894
credit_dose_c	~~	credit_dose_c	1	1		3.30687779491394	0	NA	NA	3.30687779491394	1	3.30687779491394
credit_dose_c	~~	XZ_c	1	1		2.75013666737731	0	NA	NA	2.75013666737731	0.980078266467461	2.75013666737731
credit_dose_c	~~	cohort	1	1		-0.0180755315450953	0	NA	NA	-0.0180755315450953	-0.0198901904727912	-0.0180755315450953
credit_dose_c	~~	hgrades_c	1	1		0.200089407625575	0	NA	NA	0.200089407625575	0.113930989852977	0.200089407625575
credit_dose_c	~~	bparented_c	1	1		-0.0503813992080552	0	NA	NA	-0.0503813992080552	-0.028425088611689	-0.0503813992080552
credit_dose_c	~~	hapcl_c	1	1		0.0874250098664331	0	NA	NA	0.0874250098664331	0.104320991452067	0.0874250098664331
credit_dose_c	~~	hprecalc13_c	1	1		0.000765372041068309	0	NA	NA	0.000765372041068309	0.000856825012011316	0.000765372041068309
credit_dose_c	~~	hchallenge_c	1	1		0.0362715041384776	0	NA	NA	0.0362715041384776	0.0168255329621633	0.0362715041384776
credit_dose_c	~~	cSFcareer_c	1	1		-0.0375790110239906	0	NA	NA	-0.0375790110239906	-0.0253887581693828	-0.0375790110239906
credit_dose_c	~~	hacadpr13_c	1	1		0.156739824543299	0	NA	NA	0.156739824543299	0.0111803305618268	0.156739824543299
credit_dose_c	~~	tcare_c	1	1		-0.0547266508314624	0	NA	NA	-0.0547266508314624	-0.00546047120785341	-0.0547266508314624
credit_dose_c	~~	StemMaj_c	1	1		-0.00626205350575875	0	NA	NA	-0.00626205350575875	-0.00792397685127104	-0.00626205350575875
XZ_c	~~	XZ_c	1	1		2.38105205282026	0	NA	NA	2.38105205282026	1	2.38105205282026
XZ_c	~~	cohort	1	1		-0.0137256139743708	0	NA	NA	-0.0137256139743708	-0.0177993553366502	-0.0137256139743708
XZ_c	~~	hgrades_c	1	1		0.200354169912356	0	NA	NA	0.200354169912356	0.134443802112977	0.200354169912356
XZ_c	~~	bparented_c	1	1		-0.0407317799332858	0	NA	NA	-0.0407317799332858	-0.0270825540967089	-0.0407317799332858
XZ_c	~~	hapcl_c	1	1		0.0851287575563569	0	NA	NA	0.0851287575563569	0.119711793935313	0.0851287575563569
XZ_c	~~	hprecalc13_c	1	1		-0.00273546712163189	0	NA	NA	-0.00273546712163189	-0.00360890682523501	-0.00273546712163189
XZ_c	~~	hchallenge_c	1	1		0.0301881874628203	0	NA	NA	0.0301881874628203	0.0165030771667206	0.0301881874628203
XZ_c	~~	cSFcareer_c	1	1		-0.0303806622430675	0	NA	NA	-0.0303806622430675	-0.0241890034794035	-0.0303806622430675
XZ_c	~~	hacadpr13_c	1	1		0.0465406519417236	0	NA	NA	0.0465406519417236	0.0039123020632605	0.0465406519417236
XZ_c	~~	tcare_c	1	1		-0.0384706305149318	0	NA	NA	-0.0384706305149318	-0.00452361028557741	-0.0384706305149318
XZ_c	~~	StemMaj_c	1	1		-0.00741611479507273	0	NA	NA	-0.00741611479507273	-0.0110592963515139	-0.00741611479507273
cohort	~~	cohort	1	1		0.249738859915592	0	NA	NA	0.249738859915592	1	0.249738859915592
cohort	~~	hgrades_c	1	1		0.0017492630031207	0	NA	NA	0.0017492630031207	0.00362442313302303	0.0017492630031207
cohort	~~	bparented_c	1	1		-0.0111972596561787	0	NA	NA	-0.0111972596561787	-0.0229884326653674	-0.0111972596561787
cohort	~~	hapcl_c	1	1		-0.00509695085844082	0	NA	NA	-0.00509695085844082	-0.0221315827030157	-0.00509695085844082
cohort	~~	hprecalc13_c	1	1		0.00641471425732276	0	NA	NA	0.00641471425732276	0.0261314114640496	0.00641471425732276
cohort	~~	hchallenge_c	1	1		0.0156743155105698	0	NA	NA	0.0156743155105698	0.0264580516027369	0.0156743155105698
cohort	~~	cSFcareer_c	1	1		-0.0174288481569673	0	NA	NA	-0.0174288481569673	-0.0428480250547135	-0.0174288481569673
cohort	~~	hacadpr13_c	1	1		0.130813057909905	0	NA	NA	0.130813057909905	0.0339541135327837	0.130813057909905
cohort	~~	tcare_c	1	1		0.117280720527071	0	NA	NA	0.117280720527071	0.0425817873272086	0.117280720527071
cohort	~~	StemMaj_c	1	1		0.00105725722301796	0	NA	NA	0.00105725722301796	0.0048682524992094	0.00105725722301796
hgrades_c	~~	hgrades_c	1	1		0.932709305690215	0	NA	NA	0.932709305690215	1	0.932709305690215
hgrades_c	~~	bparented_c	1	1		0.0086679231593595	0	NA	NA	0.0086679231593595	0.00920836601373601	0.0086679231593595
hgrades_c	~~	hapcl_c	1	1		0.0208053420689415	0	NA	NA	0.0208053420689415	0.0467462518528521	0.0208053420689415
hgrades_c	~~	hprecalc13_c	1	1		0.0336459467851389	0	NA	NA	0.0336459467851389	0.070923182304637	0.0336459467851389
hgrades_c	~~	hchallenge_c	1	1		-0.0149249665984757	0	NA	NA	-0.0149249665984757	-0.0130362460847827	-0.0149249665984757
hgrades_c	~~	cSFcareer_c	1	1		-0.000211297253270221	0	NA	NA	-0.000211297253270221	-0.000268797906568101	-0.000211297253270221
hgrades_c	~~	hacadpr13_c	1	1		0.40568985580147	0	NA	NA	0.40568985580147	0.0544885629785023	0.40568985580147
hgrades_c	~~	tcare_c	1	1		0.0619693183749424	0	NA	NA	0.0619693183749424	0.0116424367663019	0.0619693183749424
hgrades_c	~~	StemMaj_c	1	1		0.00389746056138866	0	NA	NA	0.00389746056138866	0.0092863291152022	0.00389746056138866
bparented_c	~~	bparented_c	1	1		0.949989158417539	0	NA	NA	0.949989158417539	1	0.949989158417539
bparented_c	~~	hapcl_c	1	1		-0.00233549163772434	0	NA	NA	-0.00233549163772434	-0.00519952991206771	-0.00233549163772434
bparented_c	~~	hprecalc13_c	1	1		-0.00543132897135745	0	NA	NA	-0.00543132897135745	-0.0113442398241308	-0.00543132897135745
bparented_c	~~	hchallenge_c	1	1		-0.0259756050795822	0	NA	NA	-0.0259756050795822	-0.0224811583889516	-0.0259756050795822
bparented_c	~~	cSFcareer_c	1	1		0.0129552010288379	0	NA	NA	0.0129552010288379	0.016330144110305	0.0129552010288379
bparented_c	~~	hacadpr13_c	1	1		0.0124289808584806	0	NA	NA	0.0124289808584806	0.00165409540657792	0.0124289808584806
bparented_c	~~	tcare_c	1	1		0.154238083899139	0	NA	NA	0.154238083899139	0.0287126065840125	0.154238083899139
bparented_c	~~	StemMaj_c	1	1		0.0122185680027554	0	NA	NA	0.0122185680027554	0.0288467229000432	0.0122185680027554
hapcl_c	~~	hapcl_c	1	1		0.212378144569797	0	NA	NA	0.212378144569797	1	0.212378144569797
hapcl_c	~~	hprecalc13_c	1	1		0.00944794518188024	0	NA	NA	0.00944794518188024	0.04173602355875	0.00944794518188024
hapcl_c	~~	hchallenge_c	1	1		-0.00477736748031809	0	NA	NA	-0.00477736748031809	-0.00874472335562471	-0.00477736748031809
hapcl_c	~~	cSFcareer_c	1	1		0.000178316968975472	0	NA	NA	0.000178316968975472	0.000475382234482465	0.000178316968975472
hapcl_c	~~	hacadpr13_c	1	1		-0.0604597649219279	0	NA	NA	-0.0604597649219279	-0.017017505672058	-0.0604597649219279
hapcl_c	~~	tcare_c	1	1		-0.0806974757284713	0	NA	NA	-0.0806974757284713	-0.0317720591402037	-0.0806974757284713
hapcl_c	~~	StemMaj_c	1	1		0.000912677761713233	0	NA	NA	0.000912677761713233	0.00455719964115788	0.000912677761713233
hprecalc13_c	~~	hprecalc13_c	1	1		0.24129191464692	0	NA	NA	0.24129191464692	1	0.24129191464692
hprecalc13_c	~~	hchallenge_c	1	1		-0.0154269878895155	0	NA	NA	-0.0154269878895155	-0.0264924480181929	-0.0154269878895155
hprecalc13_c	~~	cSFcareer_c	1	1		0.00896281741901174	0	NA	NA	0.00896281741901174	0.0224170443046368	0.00896281741901174
hprecalc13_c	~~	hacadpr13_c	1	1		0.209650215959692	0	NA	NA	0.209650215959692	0.0553615562939239	0.209650215959692
hprecalc13_c	~~	tcare_c	1	1		-0.017099660827538	0	NA	NA	-0.017099660827538	-0.00631620816824221	-0.017099660827538
hprecalc13_c	~~	StemMaj_c	1	1		-0.00269570899910875	0	NA	NA	-0.00269570899910875	-0.0126280740727677	-0.00269570899910875
hchallenge_c	~~	hchallenge_c	1	1		1.40532031996677	0	NA	NA	1.40532031996677	1	1.40532031996677
hchallenge_c	~~	cSFcareer_c	1	1		-0.00642631421761856	0	NA	NA	-0.00642631421761856	-0.00666008051101072	-0.00642631421761856
hchallenge_c	~~	hacadpr13_c	1	1		0.0790417520623729	0	NA	NA	0.0790417520623729	0.00864874826270758	0.0790417520623729
hchallenge_c	~~	tcare_c	1	1		0.125983287588997	0	NA	NA	0.125983287588997	0.0192826002449713	0.125983287588997
hchallenge_c	~~	StemMaj_c	1	1		0.000336037617217721	0	NA	NA	0.000336037617217721	0.000652282505328358	0.000336037617217721
cSFcareer_c	~~	cSFcareer_c	1	1		0.662505715311025	0	NA	NA	0.662505715311025	1	0.662505715311025
cSFcareer_c	~~	hacadpr13_c	1	1		-0.0740309542599788	0	NA	NA	-0.0740309542599788	-0.0117978506425437	-0.0740309542599788
cSFcareer_c	~~	tcare_c	1	1		-0.0778192845176775	0	NA	NA	-0.0778192845176775	-0.0173473340833754	-0.0778192845176775
cSFcareer_c	~~	StemMaj_c	1	1		0.000859222316718079	0	NA	NA	0.000859222316718079	0.00242910468103099	0.000859222316718079
hacadpr13_c	~~	hacadpr13_c	1	1		59.4334961386325	0	NA	NA	59.4334961386325	1	59.4334961386325
hacadpr13_c	~~	tcare_c	1	1		-1.59771741421509	0	NA	NA	-1.59771741421509	-0.037603186894913	-1.59771741421509
hacadpr13_c	~~	StemMaj_c	1	1		0.0765141732835387	0	NA	NA	0.0765141732835387	0.0228381934926111	0.0765141732835387
tcare_c	~~	tcare_c	1	1		30.3752144667117	0	NA	NA	30.3752144667117	1	30.3752144667117
tcare_c	~~	StemMaj_c	1	1		-0.076058014986689	0	NA	NA	-0.076058014986689	-0.0317556354179321	-0.076058014986689
StemMaj_c	~~	StemMaj_c	1	1		0.188855225505701	0	NA	NA	0.188855225505701	1	0.188855225505701
sbvalued	~1		1	1		2.77481137418671	0.0367988762693151	75.4047855667945	0	2.77481137418671	3.53876510684702	3.53876510684702
sbmyself	~1		1	1		2.78256273341751	0.0360542220643609	77.1771674465841	0	2.78256273341751	3.52105618707341	3.52105618707341
sbcommunity	~1		1	1		2.78457349992756	0.0367640465325792	75.7417575744812	0	2.78457349992756	3.56410772312007	3.56410772312007
pganalyze	~1		1	1		2.9989769376196	0.0199850089078408	150.061326039389	0	2.9989769376196	4.22751553018872	4.22751553018872
pgthink	~1		1	1		3.01937829385109	0.0193361329277746	156.152127477052	0	3.01937829385109	4.57161018012392	4.57161018012392
pgwork	~1		1	1		3.00559731867037	0.0196174135143456	153.21068276776	0	3.00559731867037	4.36367883473165	4.36367883473165
pgvalues	~1		1	1		2.99740119135761	0.0205462251490243	145.885736655619	0	2.99740119135761	4.13641372040707	4.13641372040707
pgprobsolve	~1		1	1		3.00687298367108	0.0192549984746078	156.160645124763	0	3.00687298367108	4.48339133823984	4.48339133823984
SEacademic	~1		1	1		2.82157971876657	0.0306159913555866	92.160325171104	0	2.82157971876657	3.83478383045414	3.83478383045414
SEwellness	~1		1	1		2.80449374513123	0.03034070654821	92.433369693452	0	2.80449374513123	3.73187228394593	3.73187228394593
SEnonacad	~1		1	1		2.82054426959271	0.0310173827669393	90.9343090223286	0	2.82054426959271	3.57211622216191	3.57211622216191
SEactivities	~1		1	1		2.8170235830793	0.0308801218413115	91.2244970261316	0	2.8170235830793	3.52883286827915	3.52883286827915
SEdiverse	~1		1	1		2.81009045695004	0.0314138528304783	89.4538620306911	0	2.81009045695004	3.59540189740536	3.59540189740536
sameinst	~1		1	1		3.00879134787449	0.0295350214155462	101.871988022015	0	3.00879134787449	4.64121467476984	4.64121467476984
evalexp	~1		1	1		3.00618071086521	0.0294888780728922	101.942864812774	0	3.00618071086521	4.54305762700065	4.54305762700065
MHWdacad	~1		1	1		3.60902105089623	0.0660221653691022	54.6637789100026	0	3.60902105089623	3.13037659215124	3.13037659215124
MHWdlonely	~1		1	1		3.60157295304289	0.0668370146889413	53.8859039381781	0	3.60157295304289	3.13968110226862	3.13968110226862
MHWdmental	~1		1	1		3.61469973030065	0.0657188103336287	55.0025131609996	0	3.61469973030065	3.23543712190514	3.23543712190514
MHWdexhaust	~1		1	1		3.6192390059253	0.0667105399232924	54.2528813301002	0	3.6192390059253	3.20431973709517	3.20431973709517
MHWdsleep	~1		1	1		3.59175195311476	0.066426858426465	54.0707785705515	0	3.59175195311476	3.1398729759369	3.1398729759369
MHWdfinancial	~1		1	1		3.61261466048508	0.0672546834553	53.7154362325733	0	3.61261466048508	2.95791618015993	2.95791618015993
QIadmin	~1		1	1		4.87527904604047	0.0618653240595168	78.8047120120193	0	4.87527904604047	4.5048201894512	4.5048201894512
QIstudent	~1		1	1		4.86253808291816	0.0613078464801769	79.3134706581219	0	4.86253808291816	4.6022794263246	4.6022794263246
QIadvisor	~1		1	1		4.85138261982224	0.0618003755924163	78.5008597976477	0	4.85138261982224	4.65470457550231	4.65470457550231
QIfaculty	~1		1	1		4.83500723145183	0.0624985662850912	77.3618903415582	0	4.83500723145183	4.65807002936806	4.65807002936806
QIstaff	~1		1	1		4.84350625816533	0.0611267358711828	79.2371159548325	0	4.84350625816533	4.68415170500214	4.68415170500214
x_FASt	~1		1	1		0.532444048588144	0	NA	NA	0.532444048588144	1.06713703860417	0.532444048588144
credit_dose_c	~1		1	1		0.739949530657421	0	NA	NA	0.739949530657421	0.406904999660277	0.739949530657421
XZ_c	~1		1	1		1.08128759491713	0	NA	NA	1.08128759491713	0.700739785210707	1.08128759491713
cohort	~1		1	1		0.516159829343416	0	NA	NA	0.516159829343416	1.03285924152939	0.516159829343416
hgrades_c	~1		1	1		0.161559961830097	0	NA	NA	0.161559961830097	0.167286381417063	0.161559961830097
bparented_c	~1		1	1		0.000211863241568981	0	NA	NA	0.000211863241568981	0.000217368339780522	0.000211863241568981
hapcl_c	~1		1	1		0.059236458502628	0	NA	NA	0.059236458502628	0.128538780377034	0.059236458502628
hprecalc13_c	~1		1	1		0.0630828774924995	0	NA	NA	0.0630828774924995	0.128422201450925	0.0630828774924995
hchallenge_c	~1		1	1		0.0487930856850157	0	NA	NA	0.0487930856850157	0.0411595502801091	0.0487930856850157
cSFcareer_c	~1		1	1		-0.0045588455165357	0	NA	NA	-0.0045588455165357	-0.00560092891918494	-0.0045588455165357
hacadpr13_c	~1		1	1		0.52494459741713	0	NA	NA	0.52494459741713	0.0680922729538988	0.52494459741713
tcare_c	~1		1	1		-0.282720126196838	0	NA	NA	-0.282720126196838	-0.0512976003256065	-0.282720126196838
StemMaj_c	~1		1	1		0.00452530559254686	0	NA	NA	0.00452530559254686	0.0104131808089674	0.00452530559254686
Belong	~1		1	1		0	0	NA	NA	0	0	0
Gains	~1		1	1		0	0	NA	NA	0	0	0
SupportEnv	~1		1	1		0	0	NA	NA	0	0	0
Satisf	~1		1	1		0	0	NA	NA	0	0	0
DevAdj	~1		1	1		0	0	NA	NA	0	0	0
EmoDiss	~1		1	1		0	0	NA	NA	0	0	0
QualEngag	~1		1	1		0	0	NA	NA	0	0	0
Belong	=~	sbvalued	2	2		1	0	NA	NA	0.659197994312053	0.863602843815118	0.863602843815118
Belong	=~	sbmyself	2	2		0.978144041615872	0.0217476849419321	44.9769271638607	0	0.644790590381468	0.828708848501577	0.828708848501577
Belong	=~	sbcommunity	2	2		1.01867513477722	0.0209164092868789	48.7021993500694	0	0.671508605700702	0.889837040325738	0.889837040325738
Gains	=~	pganalyze	2	2		1	0	NA	NA	0.52807304475291	0.736182739295582	0.736182739295582
Gains	=~	pgthink	2	2		1.00066535417856	0.0300987686445	33.2460562090606	0	0.52842440035982	0.7880325161479	0.7880325161479
Gains	=~	pgwork	2	2		0.988226974468907	0.0296856776992926	33.2896888687994	0	0.521856027314752	0.742459477571914	0.742459477571914
Gains	=~	pgvalues	2	2		1.00146070754305	0.0308303556894625	32.4829436815528	0	0.528844405032663	0.719057690025856	0.719057690025856
Gains	=~	pgprobsolve	2	2		0.983477997090419	0.0290856143575063	33.8132103727287	0	0.519348220371031	0.761275673658815	0.761275673658815
SupportEnv	=~	SEacademic	2	2		1	0	NA	NA	0.600867355607905	0.827361677395457	0.827361677395457
SupportEnv	=~	SEwellness	2	2		1.04674911016567	0.0235398736809409	44.4670657265749	0	0.628957369810175	0.823223163063872	0.823223163063872
SupportEnv	=~	SEnonacad	2	2		1.02560955210398	0.0250398492057978	40.9590945885771	0	0.616255299458925	0.78171397482857	0.78171397482857
SupportEnv	=~	SEactivities	2	2		0.970264586321803	0.0266480251949968	36.4103748484886	0	0.58300031622318	0.730283087948394	0.730283087948394
SupportEnv	=~	SEdiverse	2	2		1.00764954102285	0.0244451137935153	41.220897948536	0	0.605463715093917	0.784301550971714	0.784301550971714
Satisf	=~	sameinst	2	2		1	0	NA	NA	0.580520444212116	0.86772519833777	0.86772519833777
Satisf	=~	evalexp	2	2		0.967225590849243	0.0429642763301001	22.5123212460958	0	0.561494229653129	0.852679180683297	0.852679180683297
DevAdj	=~	Belong	2	2		1	0	NA	NA	0.424097797036347	0.424097797036347	0.424097797036347
DevAdj	=~	Gains	2	2		0.506904152691539	0.0564079457720538	8.98639625594512	0	0.268357503627227	0.268357503627227	0.268357503627227
DevAdj	=~	SupportEnv	2	2		0.955077747833429	0.073100260887473	13.0653124385374	0	0.444367215926042	0.444367215926042	0.444367215926042
DevAdj	=~	Satisf	2	2		0.94932428071118	0.0744964712965008	12.7432113788693	0	0.457171305361387	0.457171305361387	0.457171305361387
EmoDiss	=~	MHWdacad	2	2		1	0	NA	NA	0.979428446322485	0.901947383040187	0.901947383040187
EmoDiss	=~	MHWdlonely	2	2		0.990123210659028	0.0143175120938265	69.1546970011607	0	0.969754837883602	0.92629662130844	0.92629662130844
EmoDiss	=~	MHWdmental	2	2		0.997578739247431	0.0141559997026531	70.4703843035873	0	0.977056994665455	0.939316805262036	0.939316805262036
EmoDiss	=~	MHWdexhaust	2	2		0.997220047820793	0.0142190475946096	70.1326893510673	0	0.976705682078753	0.927075602280922	0.927075602280922
EmoDiss	=~	MHWdsleep	2	2		0.991720623955282	0.0148692356879856	66.6961399203994	0	0.971319389906487	0.911490561343403	0.911490561343403
EmoDiss	=~	MHWdfinancial	2	2		0.983778033986203	0.0170393067259754	57.7358016853168	0	0.963540191353295	0.857611149314148	0.857611149314148
QualEngag	=~	QIadmin	2	2		1	0	NA	NA	1.01432317342534	0.898547344242974	0.898547344242974
QualEngag	=~	QIstudent	2	2		0.987956502313278	0.0154333192821179	64.0145184748423	0	1.0021071746326	0.898603811735896	0.898603811735896
QualEngag	=~	QIadvisor	2	2		0.998322385758765	0.0148579758593034	67.1910087358004	0	1.01262153042438	0.922035008867024	0.922035008867024
QualEngag	=~	QIfaculty	2	2		0.997974258739897	0.0137403567256018	72.6308842390108	0	1.01226841712185	0.938490224608239	0.938490224608239
QualEngag	=~	QIstaff	2	2		1.00269855021524	0.0146673504143727	68.3626232337563	0	1.0170603754433	0.919002931296765	0.919002931296765
EmoDiss	~	x_FASt	2	2	W3__a1_g2	0.202025102245742	0.0820029563023175	2.46363193908452	0.0137537264894478	0.20626836294606	0.102925238559843	0.20626836294606
EmoDiss	~	credit_dose_c	2	2	W3__a1c_g2	-0.0119793078419794	0.0600738711059469	-0.199409620546221	0.841942335499611	-0.0122309168035284	-0.0222039369237561	-0.0122309168035284
EmoDiss	~	XZ_c	2	2	W3__a1z_g2	0.0276204969823018	0.0656869566671303	0.420486781299203	0.674129883982907	0.0282006277089562	0.04337224596863	0.0282006277089562
EmoDiss	~	cohort	2	2	W3__g1_g2	-0.114713278624079	0.0450614852029575	-2.54570567542123	0.010905709685757	-0.117122673999105	-0.058554128135232	-0.117122673999105
EmoDiss	~	hgrades_c	2	2		-0.0290091044597194	0.0240498273579449	-1.20620842835848	0.227737134946454	-0.0296184009854334	-0.0281351370830459	-0.0296184009854334
EmoDiss	~	bparented_c	2	2		-0.00946662931372002	0.0223947530639964	-0.422716396410699	0.67250219126425	-0.0096654629026397	-0.00954135199428134	-0.0096654629026397
EmoDiss	~	hapcl_c	2	2		-0.0500669804430595	0.0554957003872412	-0.902177647884416	0.366962506538156	-0.0511185688255725	-0.021734593720898	-0.0511185688255725
EmoDiss	~	hprecalc13_c	2	2		-0.0275681215700222	0.0480037126749521	-0.574291446094896	0.565770596617349	-0.0281471522228436	-0.0132391167679866	-0.0281471522228436
EmoDiss	~	hchallenge_c	2	2		0.0173617874578946	0.0178261849321148	0.973948577556631	0.330082072190149	0.0177264480351616	0.0218218874491058	0.0177264480351616
EmoDiss	~	cSFcareer_c	2	2		0.00340948627286968	0.0278603124720987	0.12237789063867	0.902599747602275	0.00348109786444479	0.00284553917079194	0.00348109786444479
EmoDiss	~	hacadpr13_c	2	2		-0.00929177146384225	0.00295960873637812	-3.13952697518161	0.00169220834036254	-0.00948693240300564	-0.0758831834091502	-0.00948693240300564
EmoDiss	~	tcare_c	2	2		0.00984924141186065	0.0037683221283513	2.61369412603	0.00895691840248203	0.0100561112441058	0.058104895228278	0.0100561112441058
EmoDiss	~	StemMaj_c	2	2		0.0391926394077083	0.0509815303379203	0.768761532812534	0.442034888639146	0.040015827143746	0.0171623445474499	0.040015827143746
QualEngag	~	x_FASt	2	2	W3__a2_g2	-0.211068163895461	0.08601444773064	-2.45386873326717	0.0141328561157881	-0.208087687854642	-0.1038330580992	-0.208087687854642
QualEngag	~	credit_dose_c	2	2	W3__a2c_g2	0.0692919929521257	0.0668756576607927	1.03613176117967	0.300140676562315	0.0683135264652674	0.124015988093105	0.0683135264652674
QualEngag	~	XZ_c	2	2	W3__a2z_g2	-0.0544401896827155	0.0712084581679019	-0.764518585058411	0.444558265682203	-0.0536714442783287	-0.082546073327013	-0.0536714442783287
QualEngag	~	cohort	2	2	W3__g2_g2	0.0558920223917616	0.0462597708895912	1.20822090807929	0.226962301553366	0.0551027757780749	0.0275479963302494	0.0551027757780749
QualEngag	~	hgrades_c	2	2		0.026624518929443	0.0253037042364019	1.05219847184038	0.292708500480254	0.0262485563053173	0.0249340513097028	0.0262485563053173
QualEngag	~	bparented_c	2	2		0.00343288569943495	0.0231836485524843	0.148073573996061	0.882284704416402	0.00338441020512448	0.00334095214946316	0.00338441020512448
QualEngag	~	hapcl_c	2	2		0.00496351687148421	0.0544322135171936	0.0911871215730806	0.927343907814633	0.00489342746131155	0.00208058754808264	0.00489342746131155
QualEngag	~	hprecalc13_c	2	2		0.229360524736885	0.0506861439627642	4.52511291656713	6.03632682061317e-06	0.226121743785408	0.106357195429745	0.226121743785408
QualEngag	~	hchallenge_c	2	2		-0.00302601050022926	0.0187571925667008	-0.161325341703922	0.871837164878714	-0.00298328045686912	-0.00367252425470589	-0.00298328045686912
QualEngag	~	cSFcareer_c	2	2		-0.0357308215992812	0.0289738473471122	-1.23320942404435	0.217497640262319	-0.0352262696302397	-0.0287948612699266	-0.0352262696302397
QualEngag	~	hacadpr13_c	2	2		0.00147498796238704	0.00283386995631437	0.520485408690157	0.602725295213757	0.00145415977967461	0.0116313965968914	0.00145415977967461
QualEngag	~	tcare_c	2	2		-0.00440177788984963	0.0045753779417501	-0.962057767880468	0.336020586647777	-0.00433962074925783	-0.0250746240614513	-0.00433962074925783
QualEngag	~	StemMaj_c	2	2		-0.0472005075107781	0.0545944053799985	-0.864566747860776	0.387276630021588	-0.0465339930580345	-0.0199579136315678	-0.0465339930580345
DevAdj	~	x_FASt	2	2	W3__c_g2	0.0236318127922951	0.0311775025346352	0.757976453246775	0.448465079190398	0.0845308320318678	0.0421797891265429	0.0845308320318678
DevAdj	~	credit_dose_c	2	2	W3__cc_g2	-0.0170253303835402	0.0242308522809006	-0.70263027425412	0.482286190642348	-0.0608994898354695	-0.110556588088769	-0.0608994898354695
DevAdj	~	XZ_c	2	2	W3__cz_g2	0.0162475970785001	0.026022883604124	0.624358058302398	0.532392463017969	0.0581175431455665	0.0893841230208303	0.0581175431455665
DevAdj	~	EmoDiss	2	2	W3__b1_g2	-0.181726947946865	0.0132270796064241	-13.7390076535567	0	-0.636663793146945	-0.636663793146945	-0.636663793146945
DevAdj	~	QualEngag	2	2	W3__b2_g2	0.150682787707707	0.0108239961347964	13.9211790018383	0	0.546711362411063	0.546711362411063	0.546711362411063
DevAdj	~	cohort	2	2	W3__g3_g2	0.00308278526362129	0.0167744519219232	0.183778598428737	0.854187146142161	0.0110271017124192	0.00551287214151347	0.0110271017124192
DevAdj	~	hgrades_c	2	2		0.0102320113125993	0.00908017052769352	1.12685232963332	0.259804921222005	0.0365998341818067	0.0347669461436597	0.0365998341818067
DevAdj	~	bparented_c	2	2		-0.00349031850155664	0.00845674910241493	-0.412725795608614	0.679807523234177	-0.0124848453051811	-0.0123245316702163	-0.0124848453051811
DevAdj	~	hapcl_c	2	2		0.0151027276510898	0.0196450688139735	0.768779574869561	0.442024176151838	0.0540223530677915	0.0229692247406577	0.0540223530677915
DevAdj	~	hprecalc13_c	2	2		-0.0102311418153514	0.0175693847743815	-0.58232783599058	0.560345879247789	-0.0365967239961236	-0.0172134039875352	-0.0365967239961236
DevAdj	~	hchallenge_c	2	2		0.000420362106334372	0.0066923983700688	0.062811877460016	0.949916307701455	0.00150363236690408	0.00185102487595532	0.00150363236690408
DevAdj	~	cSFcareer_c	2	2		0.0058472717254205	0.0104580532893658	0.559116650454084	0.576082111956611	0.0209156507971053	0.0170969923694636	0.0209156507971053
DevAdj	~	hacadpr13_c	2	2		-0.000866175830434303	0.0010214156442076	-0.848015042011886	0.396429593669327	-0.00309830499572922	-0.0247824308491879	-0.00309830499572922
DevAdj	~	tcare_c	2	2		-9.95643092659414e-05	0.00144513813883041	-0.0688960498589578	0.945072362805757	-0.000356140850340193	-0.00205780607366051	-0.000356140850340193
DevAdj	~	StemMaj_c	2	2		-0.00257714389027067	0.0195157808587903	-0.132054356877546	0.894941297592499	-0.00921842599317861	-0.00395368069018725	-0.00921842599317861
sbvalued	~~	sbvalued	2	2		0.14810247188525	0.0078199873536589	18.93896565139	0	0.14810247188525	0.254190128154441	0.254190128154441
sbmyself	~~	sbmyself	2	2		0.18963256754876	0.0084558767147196	22.4261272895165	0	0.18963256754876	0.313241644415191	0.313241644415191
sbcommunity	~~	sbcommunity	2	2		0.118561083109457	0.0071524872509559	16.57620334711	0	0.118561083109457	0.208190041664331	0.208190041664331
pganalyze	~~	pganalyze	2	2		0.235676011073027	0.00832341743011018	28.3148133626535	0	0.235676011073027	0.458034974363253	0.458034974363253
pgthink	~~	pgthink	2	2		0.170420606917694	0.00679656785294291	25.0745097533164	0	0.170420606917694	0.379004753493609	0.379004753493609
pgwork	~~	pgwork	2	2		0.221699215391619	0.00887446837208071	24.9816897301804	0	0.221699215391619	0.44875392416364	0.44875392416364
pgvalues	~~	pgvalues	2	2		0.261237764105043	0.00976427182100886	26.7544542894599	0	0.261237764105043	0.48295603841468	0.48295603841468
pgprobsolve	~~	pgprobsolve	2	2		0.195684940371711	0.00764112275358836	25.6094485957336	0	0.195684940371711	0.420459348695317	0.420459348695317
SEacademic	~~	SEacademic	2	2		0.166390351266711	0.00699606979921641	23.783403545423	0	0.166390351266711	0.315472654777375	0.315472654777375
SEwellness	~~	SEwellness	2	2		0.188136233768737	0.00839283792762006	22.4162834301373	0	0.188136233768737	0.322303623795113	0.322303623795113
SEnonacad	~~	SEnonacad	2	2		0.241707152005091	0.00865468113326522	27.9279095651558	0	0.241707152005091	0.388923261557718	0.388923261557718
SEactivities	~~	SEactivities	2	2		0.29742703101745	0.0104547535205435	28.4489759067976	0	0.29742703101745	0.466686611456558	0.466686611456558
SEdiverse	~~	SEdiverse	2	2		0.229364061527403	0.00897885411137142	25.5449146051856	0	0.229364061527403	0.384871077143364	0.384871077143364
sameinst	~~	sameinst	2	2		0.110575959415768	0.01436030261664	7.70011345635837	1.35447209004269e-14	0.110575959415768	0.247052980169677	0.247052980169677
evalexp	~~	evalexp	2	2		0.118354186094974	0.0135701340203862	8.72166670698848	0	0.118354186094974	0.272938214829262	0.272938214829262
MHWdacad	~~	MHWdacad	2	2		0.219907837831952	0.00874682581820074	25.1414447255093	0	0.219907837831952	0.186490918226959	0.186490918226959
MHWdlonely	~~	MHWdlonely	2	2		0.155608855988976	0.00674346521826016	23.0755036101638	0	0.155608855988976	0.141974569352568	0.141974569352568
MHWdmental	~~	MHWdmental	2	2		0.127330606926663	0.0056506919085511	22.5336310999323	0	0.127330606926663	0.117683939352322	0.117683939352322
MHWdexhaust	~~	MHWdexhaust	2	2		0.155979932718945	0.00670820157632889	23.2521236793701	0	0.155979932718945	0.140530827655466	0.140530827655466
MHWdsleep	~~	MHWdsleep	2	2		0.192123951077337	0.00775228682671819	24.7828744436008	0	0.192123951077337	0.169184956581888	0.169184956581888
MHWdfinancial	~~	MHWdfinancial	2	2		0.33387940143897	0.0128874850905112	25.9072580176871	0	0.33387940143897	0.264503116572067	0.264503116572067
QIadmin	~~	QIadmin	2	2		0.245445806875685	0.00951284204801168	25.8015223670182	0	0.245445806875685	0.192612670153898	0.192612670153898
QIstudent	~~	QIstudent	2	2		0.239413043503997	0.0092362758069226	25.920950013701	0	0.239413043503997	0.192511189533718	0.192511189533718
QIadvisor	~~	QIadvisor	2	2		0.180742556018528	0.00776201358199441	23.2855243177876	0	0.180742556018528	0.149851442423586	0.149851442423586
QIfaculty	~~	QIfaculty	2	2		0.138720173670056	0.00631545568292804	21.965188362424	0	0.138720173670056	0.119236098314777	0.119236098314777
QIstaff	~~	QIstaff	2	2		0.190372676578487	0.00842435236091668	22.5979005177523	0	0.190372676578487	0.155433612267953	0.155433612267953
Belong	~~	Belong	2	2		0.356385732341485	0.0160313609186545	22.2305351460703	0	0.820141058548917	0.820141058548917	0.820141058548917
Gains	~~	Gains	2	2		0.258778746477701	0.0133840579226527	19.3348495630548	0	0.927984250246963	0.927984250246963	0.927984250246963
SupportEnv	~~	SupportEnv	2	2		0.289749506391586	0.0131854872548307	21.9748804721214	0	0.802537777410139	0.802537777410139	0.802537777410139
Satisf	~~	Satisf	2	2		0.266568264996674	0.0170991981992999	15.5895184025406	0	0.790994397554166	0.790994397554166	0.790994397554166
DevAdj	~~	DevAdj	2	2		0.022469363631872	0.00573990406366907	3.9145887078658	9.05584402344228e-05	0.287492808188059	0.287492808188059	0.287492808188059
EmoDiss	~~	EmoDiss	2	2		0.931187704919444	0.0345584247670823	26.9453168422891	0	0.970715146609413	0.970715146609413	0.970715146609413
QualEngag	~~	QualEngag	2	2		1.00786407730099	0.0382913747872611	26.3209164701052	0	0.97960111557048	0.97960111557048	0.97960111557048
x_FASt	~~	x_FASt	2	2		0.248988059738959	0	NA	NA	0.248988059738959	1	0.248988059738959
x_FASt	~~	credit_dose_c	2	2		0.681743786223784	0	NA	NA	0.681743786223784	0.752594352251929	0.681743786223784
x_FASt	~~	XZ_c	2	2		0.49902932134142	0	NA	NA	0.49902932134142	0.650254949921896	0.49902932134142
x_FASt	~~	cohort	2	2		0.00165151334912353	0	NA	NA	0.00165151334912353	0.00662027893743324	0.00165151334912353
x_FASt	~~	hgrades_c	2	2		-0.00650234974155531	0	NA	NA	-0.00650234974155531	-0.0137180896796996	-0.00650234974155531
x_FASt	~~	bparented_c	2	2		0.00849302071906928	0	NA	NA	0.00849302071906928	0.0172419215002668	0.00849302071906928
x_FASt	~~	hapcl_c	2	2		-0.0039356224111566	0	NA	NA	-0.0039356224111566	-0.0185503165232618	-0.0039356224111566
x_FASt	~~	hprecalc13_c	2	2		-0.000872176083045849	0	NA	NA	-0.000872176083045849	-0.00371612541015265	-0.000872176083045849
x_FASt	~~	hchallenge_c	2	2		-0.0136203361658741	0	NA	NA	-0.0136203361658741	-0.0221731796916024	-0.0136203361658741
x_FASt	~~	cSFcareer_c	2	2		0.00254993089034398	0	NA	NA	0.00254993089034398	0.00625159469699238	0.00254993089034398
x_FASt	~~	hacadpr13_c	2	2		-0.103750295411456	0	NA	NA	-0.103750295411456	-0.025994432811991	-0.103750295411456
x_FASt	~~	tcare_c	2	2		0.0150835358738428	0	NA	NA	0.0150835358738428	0.00523156043499915	0.0150835358738428
x_FASt	~~	StemMaj_c	2	2		-0.00216174227484325	0	NA	NA	-0.00216174227484325	-0.0101011271297776	-0.00216174227484325
credit_dose_c	~~	credit_dose_c	2	2		3.29565654606452	0	NA	NA	3.29565654606452	1	3.29565654606452
credit_dose_c	~~	XZ_c	2	2		2.73161095519268	0	NA	NA	2.73161095519268	0.978351096595623	2.73161095519268
credit_dose_c	~~	cohort	2	2		-0.0011992623215078	0	NA	NA	-0.0011992623215078	-0.00132137679763012	-0.0011992623215078
credit_dose_c	~~	hgrades_c	2	2		0.229252525887267	0	NA	NA	0.229252525887267	0.132940016846187	0.229252525887267
credit_dose_c	~~	bparented_c	2	2		0.0044145464099539	0	NA	NA	0.0044145464099539	0.00246335982602783	0.0044145464099539
credit_dose_c	~~	hapcl_c	2	2		0.0625880954428024	0	NA	NA	0.0625880954428024	0.0810863820209871	0.0625880954428024
credit_dose_c	~~	hprecalc13_c	2	2		0.00282301716723138	0	NA	NA	0.00282301716723138	0.00330611530058284	0.00282301716723138
credit_dose_c	~~	hchallenge_c	2	2		0.0262714702640642	0	NA	NA	0.0262714702640642	0.0117555462901954	0.0262714702640642
credit_dose_c	~~	cSFcareer_c	2	2		-0.0030218626295773	0	NA	NA	-0.0030218626295773	-0.00203636399428767	-0.0030218626295773
credit_dose_c	~~	hacadpr13_c	2	2		-0.156319250342466	0	NA	NA	-0.156319250342466	-0.0107651913807662	-0.156319250342466
credit_dose_c	~~	tcare_c	2	2		0.13077317902077	0	NA	NA	0.13077317902077	0.0124670888620342	0.13077317902077
credit_dose_c	~~	StemMaj_c	2	2		-0.00254666336550829	0	NA	NA	-0.00254666336550829	-0.00327081326095673	-0.00254666336550829
XZ_c	~~	XZ_c	2	2		2.36540915617829	0	NA	NA	2.36540915617829	1	2.36540915617829
XZ_c	~~	cohort	2	2		0.00127247649216766	0	NA	NA	0.00127247649216766	0.00165493176305733	0.00127247649216766
XZ_c	~~	hgrades_c	2	2		0.234277829714866	0	NA	NA	0.234277829714866	0.160357999008963	0.234277829714866
XZ_c	~~	bparented_c	2	2		-0.00727229953823968	0	NA	NA	-0.00727229953823968	-0.00478995421611263	-0.00727229953823968
XZ_c	~~	hapcl_c	2	2		0.0652001832065584	0	NA	NA	0.0652001832065584	0.0997063548268501	0.0652001832065584
XZ_c	~~	hprecalc13_c	2	2		0.00150153917532467	0	NA	NA	0.00150153917532467	0.00207567320916521	0.00150153917532467
XZ_c	~~	hchallenge_c	2	2		0.0419952692831628	0	NA	NA	0.0419952692831628	0.0221807713029235	0.0419952692831628
XZ_c	~~	cSFcareer_c	2	2		0.00314545540188769	0	NA	NA	0.00314545540188769	0.00250196977884091	0.00314545540188769
XZ_c	~~	hacadpr13_c	2	2		-0.102853976651622	0	NA	NA	-0.102853976651622	-0.00836080732027229	-0.102853976651622
XZ_c	~~	tcare_c	2	2		0.108287651941167	0	NA	NA	0.108287651941167	0.0121854941796558	0.108287651941167
XZ_c	~~	StemMaj_c	2	2		0.00026803597804994	0	NA	NA	0.00026803597804994	0.00040634520346648	0.00026803597804994
cohort	~~	cohort	2	2		0.249938454097988	0	NA	NA	0.249938454097988	1	0.249938454097988
cohort	~~	hgrades_c	2	2		0.00710040475908695	0	NA	NA	0.00710040475908695	0.0149513063330082	0.00710040475908695
cohort	~~	bparented_c	2	2		0.00557457734228444	0	NA	NA	0.00557457734228444	0.0112955698627236	0.00557457734228444
cohort	~~	hapcl_c	2	2		-0.00559036407152106	0	NA	NA	-0.00559036407152106	-0.0262996950239641	-0.00559036407152106
cohort	~~	hprecalc13_c	2	2		0.00676097406089958	0	NA	NA	0.00676097406089958	0.0287520079118801	0.00676097406089958
cohort	~~	hchallenge_c	2	2		-0.00126010096680086	0	NA	NA	-0.00126010096680086	-0.00204747315122213	-0.00126010096680086
cohort	~~	cSFcareer_c	2	2		0.000603449167527775	0	NA	NA	0.000603449167527775	0.00147664404160639	0.000603449167527775
cohort	~~	hacadpr13_c	2	2		-0.0883561775602927	0	NA	NA	-0.0883561775602927	-0.0220953377131556	-0.0883561775602927
cohort	~~	tcare_c	2	2		-0.0977781601245104	0	NA	NA	-0.0977781601245104	-0.0338487525425557	-0.0977781601245104
cohort	~~	StemMaj_c	2	2		-0.0117587362189323	0	NA	NA	-0.0117587362189323	-0.0548402328634412	-0.0117587362189323
hgrades_c	~~	hgrades_c	2	2		0.902349649701164	0	NA	NA	0.902349649701164	1	0.902349649701164
hgrades_c	~~	bparented_c	2	2		-0.0146431435764573	0	NA	NA	-0.0146431435764573	-0.0156156344528492	-0.0146431435764573
hgrades_c	~~	hapcl_c	2	2		0.0211893033564857	0	NA	NA	0.0211893033564857	0.0524633974496766	0.0211893033564857
hgrades_c	~~	hprecalc13_c	2	2		0.0161820839707651	0	NA	NA	0.0161820839707651	0.0362178338961766	0.0161820839707651
hgrades_c	~~	hchallenge_c	2	2		0.0603274505252875	0	NA	NA	0.0603274505252875	0.0515889816968536	0.0603274505252875
hgrades_c	~~	cSFcareer_c	2	2		-0.0111634491426362	0	NA	NA	-0.0111634491426362	-0.014376813389143	-0.0111634491426362
hgrades_c	~~	hacadpr13_c	2	2		0.00137372402223884	0	NA	NA	0.00137372402223884	0.000180797462152544	0.00137372402223884
hgrades_c	~~	tcare_c	2	2		-0.0858433690800901	0	NA	NA	-0.0858433690800901	-0.0156399972920174	-0.0858433690800901
hgrades_c	~~	StemMaj_c	2	2		-0.0108517627428805	0	NA	NA	-0.0108517627428805	-0.0266359410358463	-0.0108517627428805
bparented_c	~~	bparented_c	2	2		0.974483565514565	0	NA	NA	0.974483565514565	1	0.974483565514565
bparented_c	~~	hapcl_c	2	2		-0.00467199763679605	0	NA	NA	-0.00467199763679605	-0.0111312135500331	-0.00467199763679605
bparented_c	~~	hprecalc13_c	2	2		-0.00558859915061845	0	NA	NA	-0.00558859915061845	-0.0120362486223983	-0.00558859915061845
bparented_c	~~	hchallenge_c	2	2		-0.0022033166593394	0	NA	NA	-0.0022033166593394	-0.00181308877422476	-0.0022033166593394
bparented_c	~~	cSFcareer_c	2	2		-0.0180473607864682	0	NA	NA	-0.0180473607864682	-0.0223654739243798	-0.0180473607864682
bparented_c	~~	hacadpr13_c	2	2		-0.04548076406838	0	NA	NA	-0.04548076406838	-0.00575997709975043	-0.04548076406838
bparented_c	~~	tcare_c	2	2		-0.0134461927736367	0	NA	NA	-0.0134461927736367	-0.00235737905346905	-0.0134461927736367
bparented_c	~~	StemMaj_c	2	2		-0.0093314351431309	0	NA	NA	-0.0093314351431309	-0.022040242274968	-0.0093314351431309
hapcl_c	~~	hapcl_c	2	2		0.180778042840841	0	NA	NA	0.180778042840841	1	0.180778042840841
hapcl_c	~~	hprecalc13_c	2	2		0.00770531726207878	0	NA	NA	0.00770531726207878	0.0385294788091301	0.00770531726207878
hapcl_c	~~	hchallenge_c	2	2		0.0187396519648117	0	NA	NA	0.0187396519648117	0.0358028905704353	0.0187396519648117
hapcl_c	~~	cSFcareer_c	2	2		-0.00276913456034912	0	NA	NA	-0.00276913456034912	-0.00796751489844341	-0.00276913456034912
hapcl_c	~~	hacadpr13_c	2	2		0.0515121355132714	0	NA	NA	0.0515121355132714	0.0151466635525543	0.0515121355132714
hapcl_c	~~	tcare_c	2	2		-0.0047686519099838	0	NA	NA	-0.0047686519099838	-0.00194106522239915	-0.0047686519099838
hapcl_c	~~	StemMaj_c	2	2		-0.00337220154699265	0	NA	NA	-0.00337220154699265	-0.0184925101180531	-0.00337220154699265
hprecalc13_c	~~	hprecalc13_c	2	2		0.22123258891675	0	NA	NA	0.22123258891675	1	0.22123258891675
hprecalc13_c	~~	hchallenge_c	2	2		-0.00305126900960338	0	NA	NA	-0.00305126900960338	-0.00526969351879356	-0.00305126900960338
hprecalc13_c	~~	cSFcareer_c	2	2		0.00914775311762166	0	NA	NA	0.00914775311762166	0.0237925805832259	0.00914775311762166
hprecalc13_c	~~	hacadpr13_c	2	2		0.00814660585517941	0	NA	NA	0.00814660585517941	0.00216537151018083	0.00814660585517941
hprecalc13_c	~~	tcare_c	2	2		-0.054475690847151	0	NA	NA	-0.054475690847151	-0.0200445145340764	-0.054475690847151
hprecalc13_c	~~	StemMaj_c	2	2		-0.000685383712558854	0	NA	NA	-0.000685383712558854	-0.00339753868748576	-0.000685383712558854
hchallenge_c	~~	hchallenge_c	2	2		1.51544848961205	0	NA	NA	1.51544848961205	1	1.51544848961205
hchallenge_c	~~	cSFcareer_c	2	2		-0.00372754379036333	0	NA	NA	-0.00372754379036333	-0.00370428018950831	-0.00372754379036333
hchallenge_c	~~	hacadpr13_c	2	2		-0.0162935852714773	0	NA	NA	-0.0162935852714773	-0.00165472692058799	-0.0162935852714773
hchallenge_c	~~	tcare_c	2	2		0.364904672556356	0	NA	NA	0.364904672556356	0.0513010414223968	0.364904672556356
hchallenge_c	~~	StemMaj_c	2	2		0.00999407475906564	0	NA	NA	0.00999407475906564	0.0189289788524612	0.00999407475906564
cSFcareer_c	~~	cSFcareer_c	2	2		0.668184921631528	0	NA	NA	0.668184921631528	1	0.668184921631528
cSFcareer_c	~~	hacadpr13_c	2	2		0.127737835439608	0	NA	NA	0.127737835439608	0.0195367123117115	0.127737835439608
cSFcareer_c	~~	tcare_c	2	2		-0.0729667900219486	0	NA	NA	-0.0729667900219486	-0.0154487822593369	-0.0729667900219486
cSFcareer_c	~~	StemMaj_c	2	2		0.0111087749801731	0	NA	NA	0.0111087749801731	0.0316864084469821	0.0111087749801731
hacadpr13_c	~~	hacadpr13_c	2	2		63.979298139227	0	NA	NA	63.979298139227	1	63.979298139227
hacadpr13_c	~~	tcare_c	2	2		-1.12882640434615	0	NA	NA	-1.12882640434615	-0.0244244487287082	-1.12882640434615
hacadpr13_c	~~	StemMaj_c	2	2		-0.100201707383641	0	NA	NA	-0.100201707383641	-0.0292085883356919	-0.100201707383641
tcare_c	~~	tcare_c	2	2		33.3860705529968	0	NA	NA	33.3860705529968	1	33.3860705529968
tcare_c	~~	StemMaj_c	2	2		0.021864382981749	0	NA	NA	0.021864382981749	0.00882286744440301	0.021864382981749
StemMaj_c	~~	StemMaj_c	2	2		0.183945698429016	0	NA	NA	0.183945698429016	1	0.183945698429016
sbvalued	~1		2	2		2.67481560703883	0.0282988072615874	94.5204362259325	0	2.67481560703883	3.5042254145972	3.5042254145972
sbmyself	~1		2	2		2.66897677379502	0.0278815582076262	95.7255241590121	0	2.66897677379502	3.43026821712858	3.43026821712858
sbcommunity	~1		2	2		2.67247678556422	0.0282957617686622	94.4479532805514	0	2.67247678556422	3.54138251247615	3.54138251247615
pganalyze	~1		2	2		2.92198137782035	0.0198620587142523	147.11372168705	0	2.92198137782035	4.07351270107147	4.07351270107147
pgthink	~1		2	2		2.9090093925721	0.0187609731231091	155.056423431942	0	2.9090093925721	4.33816831615933	4.33816831615933
pgwork	~1		2	2		2.91211437803408	0.0195291555805565	149.116246528007	0	2.91211437803408	4.14314831404789	4.14314831404789
pgvalues	~1		2	2		2.89520661504507	0.0199567479174241	145.074068531842	0	2.89520661504507	3.93654647936251	3.93654647936251
pgprobsolve	~1		2	2		2.91087979142213	0.0188679868059659	154.276119723686	0	2.91087979142213	4.26685196412453	4.26685196412453
SEacademic	~1		2	2		2.67802519667049	0.0267922235661451	99.9553168873398	0	2.67802519667049	3.68749508214329	3.68749508214329
SEwellness	~1		2	2		2.67072069343768	0.0283663665647023	94.1509617506314	0	2.67072069343768	3.49562504939796	3.49562504939796
SEnonacad	~1		2	2		2.68102974921303	0.0283292548416624	94.6382022470343	0	2.68102974921303	3.40086068830739	3.40086068830739
SEactivities	~1		2	2		2.65516831880225	0.027511431353278	96.5114568088763	0	2.65516831880225	3.3259407669607	3.3259407669607
SEdiverse	~1		2	2		2.67017270858963	0.0277947604992783	96.0674839655106	0	2.67017270858963	3.45887052271058	3.45887052271058
sameinst	~1		2	2		2.8378214732377	0.0265027240350536	107.076595956109	0	2.8378214732377	4.24179583210787	4.24179583210787
evalexp	~1		2	2		2.85148378152674	0.0258025686924137	110.511624463386	0	2.85148378152674	4.33023302139002	4.33023302139002
MHWdacad	~1		2	2		3.84969118749473	0.0543747328691055	70.7992662099501	0	3.84969118749473	3.54514809643428	3.54514809643428
MHWdlonely	~1		2	2		3.83608144832102	0.0533214022189814	71.9426213243029	0	3.83608144832102	3.66417278453449	3.66417278453449
MHWdmental	~1		2	2		3.84588664914538	0.0537632947790296	71.5336860390012	0	3.84588664914538	3.69733391234979	3.69733391234979
MHWdexhaust	~1		2	2		3.84306716261168	0.0541263909522297	71.0017256831967	0	3.84306716261168	3.64778650289144	3.64778650289144
MHWdsleep	~1		2	2		3.8748809404213	0.0540721262848704	71.6613384131985	0	3.8748809404213	3.63620601032529	3.63620601032529
MHWdfinancial	~1		2	2		3.83029239880117	0.0542083451899585	70.6587221096485	0	3.83029239880117	3.40920025529134	3.40920025529134
QIadmin	~1		2	2		4.80178338084404	0.0587959355329936	81.6686278960473	0	4.80178338084404	4.25370317619493	4.25370317619493
QIstudent	~1		2	2		4.81109814931779	0.0578725340412505	83.1326678366723	0	4.81109814931779	4.3141804041045	4.3141804041045
QIadvisor	~1		2	2		4.81112048998948	0.0583166285409047	82.4999765995533	0	4.81112048998948	4.38073000658861	4.38073000658861
QIfaculty	~1		2	2		4.82366817849608	0.058017367065196	83.1417974048283	0	4.82366817849608	4.47209984595171	4.47209984595171
QIstaff	~1		2	2		4.80332649221772	0.0587697902763168	81.7312171718499	0	4.80332649221772	4.34022525398206	4.34022525398206
x_FASt	~1		2	2		0.468188991511723	0	NA	NA	0.468188991511723	0.93827887289608	0.468188991511723
credit_dose_c	~1		2	2		0.548100463139517	0	NA	NA	0.548100463139517	0.301918132250792	0.548100463139517
XZ_c	~1		2	2		0.938358389308183	0	NA	NA	0.938358389308183	0.610120481507814	0.938358389308183
cohort	~1		2	2		0.507845119630196	0	NA	NA	0.507845119630196	1.015815285493	0.507845119630196
hgrades_c	~1		2	2		-0.0623427679196922	0	NA	NA	-0.0623427679196922	-0.0656294331652624	-0.0623427679196922
bparented_c	~1		2	2		0.0379389057185601	0	NA	NA	0.0379389057185601	0.0384324030817928	0.0379389057185601
hapcl_c	~1		2	2		-0.00990065974672	0	NA	NA	-0.00990065974672	-0.0232858070953798	-0.00990065974672
hprecalc13_c	~1		2	2		-0.0132095842906571	0	NA	NA	-0.0132095842906571	-0.0280843644138471	-0.0132095842906571
hchallenge_c	~1		2	2		-0.00240535448828419	0	NA	NA	-0.00240535448828419	-0.00195392774534999	-0.00240535448828419
cSFcareer_c	~1		2	2		0.00675917354764402	0	NA	NA	0.00675917354764402	0.00826885282185973	0.00675917354764402
hacadpr13_c	~1		2	2		-0.0812819865653579	0	NA	NA	-0.0812819865653579	-0.0101618919697902	-0.0812819865653579
tcare_c	~1		2	2		0.0617203999872236	0	NA	NA	0.0617203999872236	0.0106818402453666	0.0617203999872236
StemMaj_c	~1		2	2		-0.005210314133468	0	NA	NA	-0.005210314133468	-0.012148400188158	-0.005210314133468
Belong	~1		2	2		0	0	NA	NA	0	0	0
Gains	~1		2	2		0	0	NA	NA	0	0	0
SupportEnv	~1		2	2		0	0	NA	NA	0	0	0
Satisf	~1		2	2		0	0	NA	NA	0	0	0
DevAdj	~1		2	2		0	0	NA	NA	0	0	0
EmoDiss	~1		2	2		0	0	NA	NA	0	0	0
QualEngag	~1		2	2		0	0	NA	NA	0	0	0
W3__dir_z_low_g1	:=	W3__c_g1+W3__cz_g1*-1.51936806017	0	0	W3__dir_z_low_g1	0.0554635088468765	0.048031119178907	1.15474113023028	0.248196451025568	0.166800444995931	0.349999570042294	0.166800444995931
W3__dir_z_low_g2	:=	W3__c_g2+W3__cz_g2*-1.51936806017	0	0	W3__dir_z_low_g2	-0.00105426726328938	0.0419766274629616	-0.0251155780492281	0.979962774615474	-0.00377110675905777	-0.0936275924776126	-0.00377110675905777
W3__dir_z_mid_g1	:=	W3__c_g1+W3__cz_g1*0	0	0	W3__dir_z_mid_g1	-0.0294946763904589	0.0368288814578009	-0.800857240919859	0.423214296588989	-0.0887020177631007	-0.044257541203423	-0.0887020177631007
W3__dir_z_mid_g2	:=	W3__c_g2+W3__cz_g2*0	0	0	W3__dir_z_mid_g2	0.0236318127922951	0.0311775025346352	0.757976453246775	0.448465079190398	0.0845308320318678	0.0421797891265429	0.0845308320318678
W3__dir_z_high_g1	:=	W3__c_g1+W3__cz_g1*1.51936806017	0	0	W3__dir_z_high_g1	-0.114452861627794	0.0720141534190999	-1.58931065899941	0.111990273472887	-0.344204480522132	-0.43851465244914	-0.344204480522132
W3__dir_z_high_g2	:=	W3__c_g2+W3__cz_g2*1.51936806017	0	0	W3__dir_z_high_g2	0.0483178928478797	0.0575204002746816	0.840013153892245	0.400901011337086	0.172832770822793	0.177987170730698	0.172832770822793
W3__a1_z_low_g1	:=	W3__a1_g1+W3__a1z_g1*-1.51936806017	0	0	W3__a1_z_low_g1	-0.0441135417718261	0.120979489749057	-0.364636533542414	0.715382739958672	-0.0418067011836373	-0.198861838460877	-0.0418067011836373
W3__a1_z_low_g2	:=	W3__a1_g2+W3__a1z_g2*-1.51936806017	0	0	W3__a1_z_low_g2	0.16005940132481	0.112862138829533	1.41818507946729	0.156136736864789	0.163421229928326	0.0370268333372695	0.163421229928326
W3__a1_z_mid_g1	:=	W3__a1_g1+W3__a1z_g1*0	0	0	W3__a1_z_mid_g1	0.135774383192318	0.0905533854437858	1.49938494874501	0.133773795962224	0.128674299059323	0.0642015619943266	0.128674299059323
W3__a1_z_mid_g2	:=	W3__a1_g2+W3__a1z_g2*0	0	0	W3__a1_z_mid_g2	0.202025102245742	0.0820029563023175	2.46363193908452	0.0137537264894478	0.20626836294606	0.102925238559843	0.20626836294606
W3__a1_z_high_g1	:=	W3__a1_g1+W3__a1z_g1*1.51936806017	0	0	W3__a1_z_high_g1	0.315662308156461	0.175326408222649	1.8004264808505	0.0717933226078202	0.299155299302283	0.32726496244953	0.299155299302283
W3__a1_z_high_g2	:=	W3__a1_g2+W3__a1z_g2*1.51936806017	0	0	W3__a1_z_high_g2	0.243990803166673	0.143639307845852	1.69863533057758	0.0893879152224044	0.249115495963793	0.168823643782416	0.249115495963793
W3__a2_z_low_g1	:=	W3__a2_g1+W3__a2z_g1*-1.51936806017	0	0	W3__a2_z_low_g1	0.108457566794296	0.110471836088801	0.981766671345212	0.326214811080971	0.114109879825967	-0.00257741467125093	0.114109879825967
W3__a2_z_low_g2	:=	W3__a2_g2+W3__a2z_g2*-1.51936806017	0	0	W3__a2_z_low_g2	-0.128353478501946	0.113948807117974	-1.12641353383418	0.259990520869841	-0.126541009674955	0.0215848092063141	-0.126541009674955
W3__a2_z_mid_g1	:=	W3__a2_g1+W3__a2z_g1*0	0	0	W3__a2_z_mid_g1	0.162631674884666	0.0829150048185648	1.96142634545505	0.049829309221016	0.171107295004897	0.0853733471893545	0.171107295004897
W3__a2_z_mid_g2	:=	W3__a2_g2+W3__a2z_g2*0	0	0	W3__a2_z_mid_g2	-0.211068163895461	0.08601444773064	-2.45386873326717	0.0141328561157881	-0.208087687854642	-0.1038330580992	-0.208087687854642
W3__a2_z_high_g1	:=	W3__a2_g1+W3__a2z_g1*1.51936806017	0	0	W3__a2_z_high_g1	0.216805782975036	0.163352735186469	1.32722468789732	0.184434368069444	0.228104710183827	0.17332410904996	0.228104710183827
W3__a2_z_high_g2	:=	W3__a2_g2+W3__a2z_g2*1.51936806017	0	0	W3__a2_z_high_g2	-0.293782849288975	0.158819380478667	-1.84979218785226	0.0643435072619176	-0.289634366034328	-0.229250925404715	-0.289634366034328
W3__ind_EmoDiss_z_low_g1	:=	W3__a1_z_low_g1*W3__b1_g1	0	0	W3__ind_EmoDiss_z_low_g1	0.00975207569309656	0.0267452735469954	0.36462800337266	0.715389108303288	0.0293283025012601	0.13950586841853	0.0293283025012601
W3__ind_EmoDiss_z_low_g2	:=	W3__a1_z_low_g2*W3__b1_g2	0	0	W3__ind_EmoDiss_z_low_g2	-0.0290871064929601	0.0205634792453427	-1.41450316582724	0.157214218508273	-0.104044380126907	-0.0235736441607257	-0.104044380126907
W3__ind_EmoDiss_z_mid_g1	:=	W3__a1_z_mid_g1*W3__b1_g1	0	0	W3__ind_EmoDiss_z_mid_g1	-0.0300153197610768	0.0201623946457928	-1.48867831864109	0.136572096988194	-0.0902677958342826	-0.0450387803369659	-0.0902677958342826
W3__ind_EmoDiss_z_mid_g2	:=	W3__a1_z_mid_g2*W3__b1_g2	0	0	W3__ind_EmoDiss_z_mid_g2	-0.0367134052397719	0.0151093982408858	-2.42983900844085	0.0151055308684807	-0.131323598359449	-0.0655287727920638	-0.131323598359449
W3__ind_EmoDiss_z_high_g1	:=	W3__a1_z_high_g1*W3__b1_g1	0	0	W3__ind_EmoDiss_z_high_g1	-0.0697827152152502	0.0391075169132939	-1.7843811298469	0.0743617552163802	-0.209863894169825	-0.229583429092462	-0.209863894169825
W3__ind_EmoDiss_z_high_g2	:=	W3__a1_z_high_g2*W3__b1_g2	0	0	W3__ind_EmoDiss_z_high_g2	-0.0443397039865837	0.0263259345343843	-1.68425944874517	0.0921315386509125	-0.158602816591991	-0.107483901423402	-0.158602816591991
W3__ind_QualEngag_z_low_g1	:=	W3__a2_z_low_g1*W3__b2_g1	0	0	W3__ind_QualEngag_z_low_g1	0.0179611384687384	0.0183780930717566	0.977312412044586	0.328414510100311	0.0540161621849464	-0.00122007006853818	0.0540161621849464
W3__ind_QualEngag_z_low_g2	:=	W3__a2_z_low_g2*W3__b2_g2	0	0	W3__ind_QualEngag_z_low_g2	-0.0193406599526546	0.0172318085799697	-1.12238131377203	0.261700346083819	-0.0691814078002662	0.0118006604485668	-0.0691814078002662
W3__ind_QualEngag_z_mid_g1	:=	W3__a2_z_mid_g1*W3__b2_g1	0	0	W3__ind_QualEngag_z_mid_g1	0.0269326531872735	0.0138898537039476	1.93901633244841	0.0524993494493162	0.0809970128100053	0.0404131576957679	0.0809970128100053
W3__ind_QualEngag_z_mid_g2	:=	W3__a2_z_mid_g2*W3__b2_g2	0	0	W3__ind_QualEngag_z_mid_g2	-0.0318043393321153	0.0131281775367525	-2.42260125162678	0.0154098308081363	-0.113763903327979	-0.0567667126567209	-0.113763903327979
W3__ind_QualEngag_z_high_g1	:=	W3__a2_z_high_g1*W3__b2_g1	0	0	W3__ind_QualEngag_z_high_g1	0.0359041679058086	0.0271549008628668	1.32219845276276	0.186102076173945	0.107977863435064	0.0820463854600739	0.107977863435064
W3__ind_QualEngag_z_high_g2	:=	W3__a2_z_high_g2*W3__b2_g2	0	0	W3__ind_QualEngag_z_high_g2	-0.044268018711576	0.0240832138347638	-1.83812754457529	0.0660436132328068	-0.158346398855692	-0.125334085762009	-0.158346398855692
W3__total_z_low_g1	:=	W3__dir_z_low_g1+W3__ind_EmoDiss_z_low_g1+W3__ind_QualEngag_z_low_g1	0	0	W3__total_z_low_g1	0.0831767230087114	0.0582699875452949	1.42743677341712	0.15345403753832	0.250144909682137	0.488285368392286	0.250144909682137
W3__total_z_low_g2	:=	W3__dir_z_low_g2+W3__ind_EmoDiss_z_low_g2+W3__ind_QualEngag_z_low_g2	0	0	W3__total_z_low_g2	-0.0494820337089041	0.0493186721244084	-1.00331236786107	0.315710170605387	-0.176996894686231	-0.105400576189771	-0.176996894686231
W3__total_z_mid_g1	:=	W3__dir_z_mid_g1+W3__ind_EmoDiss_z_mid_g1+W3__ind_QualEngag_z_mid_g1	0	0	W3__total_z_mid_g1	-0.0325773429642623	0.0449806821098962	-0.724251866271608	0.468911121682742	-0.097972800787378	-0.048883163844621	-0.097972800787378
W3__total_z_mid_g2	:=	W3__dir_z_mid_g2+W3__ind_EmoDiss_z_mid_g2+W3__ind_QualEngag_z_mid_g2	0	0	W3__total_z_mid_g2	-0.0448859317795921	0.0371771398712517	-1.20735301142145	0.227296223289132	-0.16055666965556	-0.0801156963222418	-0.16055666965556
W3__total_z_high_g1	:=	W3__dir_z_high_g1+W3__ind_EmoDiss_z_high_g1+W3__ind_QualEngag_z_high_g1	0	0	W3__total_z_high_g1	-0.148331408937236	0.0895733052564628	-1.6559778442086	0.0977263057026752	-0.446090511256893	-0.586051696081528	-0.446090511256893
W3__total_z_high_g2	:=	W3__dir_z_high_g2+W3__ind_EmoDiss_z_high_g2+W3__ind_QualEngag_z_high_g2	0	0	W3__total_z_high_g2	-0.04028982985028	0.0672129968953616	-0.599435104984293	0.548882773122355	-0.144116444624889	-0.0548308164547121	-0.144116444624889
W3__index_MM_EmoDiss_g1	:=	W3__a1z_g1*W3__b1_g1	0	0	W3__index_MM_EmoDiss_g1	-0.0261736418558936	0.017609314245093	-1.48635213680664	0.137186002882123	-0.0787143691319674	-0.121461450713165	-0.0787143691319674
W3__index_MM_EmoDiss_g2	:=	W3__a1z_g2*W3__b1_g2	0	0	W3__index_MM_EmoDiss_g2	-0.0050193886173693	0.0119500946684023	-0.420029192793028	0.674464127752035	-0.0179543186063089	-0.0276135386356903	-0.0179543186063089
W3__index_MM_QualEngag_g1	:=	W3__a2z_g1*W3__b2_g1	0	0	W3__index_MM_QualEngag_g1	0.00590476722113753	0.0122186159318245	0.483259908821425	0.628911202493836	0.017757942484351	0.0274016736666478	0.017757942484351
W3__index_MM_QualEngag_g2	:=	W3__a2z_g2*W3__b2_g2	0	0	W3__index_MM_QualEngag_g2	-0.00820319954472794	0.0107368053895203	-0.764026099675302	0.444851689287769	-0.0293427884239746	-0.0451288762102948	-0.0293427884239746
W3__diff_ind_EmoDiss_z_low_g2	:=	W3__ind_EmoDiss_z_low_g2-W3__ind_EmoDiss_z_low_g1	0	0	W3__diff_ind_EmoDiss_z_low_g2	-0.0388391821860567	0.0337367208806258	-1.15124354626774	0.249632054905486	-0.133372682628167	-0.163079512579256	-0.133372682628167
W3__diff_ind_EmoDiss_z_mid_g2	:=	W3__ind_EmoDiss_z_mid_g2-W3__ind_EmoDiss_z_mid_g1	0	0	W3__diff_ind_EmoDiss_z_mid_g2	-0.00669808547869509	0.0251955566133073	-0.265843917699259	0.790359418376621	-0.0410558025251664	-0.0204899924550979	-0.0410558025251664
W3__diff_ind_EmoDiss_z_high_g2	:=	W3__ind_EmoDiss_z_high_g2-W3__ind_EmoDiss_z_high_g1	0	0	W3__diff_ind_EmoDiss_z_high_g2	0.0254430112286665	0.0471428966890268	0.539699785452274	0.589404087972025	0.0512610775778345	0.12209952766906	0.0512610775778345
W3__diff_ind_QualEngag_z_low_g2	:=	W3__ind_QualEngag_z_low_g2-W3__ind_QualEngag_z_low_g1	0	0	W3__diff_ind_QualEngag_z_low_g2	-0.0373017984213929	0.0251930453079985	-1.48063872252673	0.138702870950826	-0.123197569985213	0.013020730517105	-0.123197569985213
W3__diff_ind_QualEngag_z_mid_g2	:=	W3__ind_QualEngag_z_mid_g2-W3__ind_QualEngag_z_mid_g1	0	0	W3__diff_ind_QualEngag_z_mid_g2	-0.0587369925193888	0.0191122233493008	-3.07326842334843	0.00211727946745377	-0.194760916137984	-0.0971798703524887	-0.194760916137984
W3__diff_ind_QualEngag_z_high_g2	:=	W3__ind_QualEngag_z_high_g2-W3__ind_QualEngag_z_high_g1	0	0	W3__diff_ind_QualEngag_z_high_g2	-0.0801721866173846	0.0362958651843853	-2.20885178546109	0.0271849517127312	-0.266324262290756	-0.207380471222082	-0.266324262290756
W3__diff_total_z_low_g2	:=	W3__total_z_low_g2-W3__total_z_low_g1	0	0	W3__diff_total_z_low_g2	-0.132658756717616	0.0763395236338537	-1.73774671890651	0.0822554527193136	-0.427141804368369	-0.593685944582057	-0.427141804368369
W3__diff_total_z_mid_g2	:=	W3__total_z_mid_g2-W3__total_z_mid_g1	0	0	W3__diff_total_z_mid_g2	-0.0123085888153298	0.0583558179796852	-0.210923079162641	0.832947294669987	-0.0625838688681824	-0.0312325324776207	-0.0625838688681824
W3__diff_total_z_high_g2	:=	W3__total_z_high_g2-W3__total_z_high_g1	0	0	W3__diff_total_z_high_g2	0.108041579086956	0.111986445457579	0.964773715653672	0.334658163746492	0.301974066632004	0.531220879626816	0.301974066632004
W3__diff_index_MM_EmoDiss_g2	:=	W3__index_MM_EmoDiss_g2-W3__index_MM_EmoDiss_g1	0	0	W3__diff_index_MM_EmoDiss_g2	0.0211542532385243	0.0212812760605706	0.994031240340818	0.320207658481355	0.0607600505256585	0.093847912077475	0.0607600505256585
W3__diff_index_MM_QualEngag_g2	:=	W3__index_MM_QualEngag_g2-W3__index_MM_QualEngag_g1	0	0	W3__diff_index_MM_QualEngag_g2	-0.0141079667658655	0.0162657174837714	-0.867343649607911	0.385753747110305	-0.0471007309083256	-0.0725305498769426	-0.0471007309083256
