lhs	op	rhs	block	group	est	se	z	pvalue	ci.lower	ci.upper	std.lv	std.all
Belong	=~	sbvalued	1	1	1	0	NA	NA	1	1	0.654756633116738	0.855845122244152
Belong	=~	sbmyself	1	1	1.01958601403788	0.027849096145696	36.6110989277277	0	0.96500278859032	1.07416923948543	0.667580705724355	0.827825889183569
Belong	=~	sbcommunity	1	1	1.0233057847017	0.0263137982906158	38.8885623200449	0	0.971731687755645	1.07487988164776	0.670016250240168	0.893042897093389
Gains	=~	pganalyze	1	1	1	0	NA	NA	1	1	0.513394543625776	0.716122566411476
Gains	=~	pgthink	1	1	1.02779348443288	0.0419798526361389	24.4830179215086	0	0.945514485189746	1.11007248367601	0.527663566881963	0.78880183438239
Gains	=~	pgwork	1	1	0.942641726812081	0.039649391855369	23.774430897972	0	0.864930346766642	1.02035310685752	0.483947119139302	0.708394627355724
Gains	=~	pgvalues	1	1	0.984932101432249	0.0446552720026163	22.0563453599508	0	0.897409376587281	1.07245482627722	0.505658766717186	0.682718525962518
Gains	=~	pgprobsolve	1	1	1.01678430305355	0.0432649475635922	23.5013413932617	0	0.931986564035892	1.1015820420712	0.522011513232028	0.760784245331902
SupportEnv	=~	SEacademic	1	1	1	0	NA	NA	1	1	0.626708544707976	0.837025038212164
SupportEnv	=~	SEwellness	1	1	0.974411955568237	0.0295644004107884	32.958962198762	0	0.91646679553857	1.0323571155979	0.610672298620222	0.820026954157316
SupportEnv	=~	SEnonacad	1	1	0.97770443743681	0.0300558654184928	32.5295719761656	0	0.918796023692381	1.03661285118124	0.612735725140553	0.772682374536535
SupportEnv	=~	SEactivities	1	1	0.944196720127041	0.0307486349520235	30.7069475311751	0	0.883930503047306	1.00446293720678	0.591736152388862	0.738068193034626
SupportEnv	=~	SEdiverse	1	1	0.966480840204576	0.0297212434463973	32.5181832297036	0	0.90822827347389	1.02473340693526	0.605701800852751	0.778931559426212
Satisf	=~	sameinst	1	1	1	0	NA	NA	1	1	0.534354461240609	0.813417418319312
Satisf	=~	evalexp	1	1	1.15098914154777	0.065077693003818	17.6863851255491	0	1.02343920706334	1.27853907603221	0.615036182625552	0.897382597123582
DevAdj	=~	Belong	1	1	1	0	NA	NA	1	1	0.513856565973905	0.513856565973905
DevAdj	=~	Gains	1	1	0.494421450695495	0.0652014028865184	7.58298792368049	3.37507799486048e-14	0.366629049296434	0.622213852094557	0.324017056904806	0.324017056904806
DevAdj	=~	SupportEnv	1	1	0.812144495217572	0.0770461668064357	10.5410110441696	0	0.661136783130092	0.963152207305051	0.436003028586695	0.436003028586695
DevAdj	=~	Satisf	1	1	0.868064944705448	0.0767755983669524	11.3065213840014	0	0.71758753701471	1.01854235239619	0.546568496366909	0.546568496366909
EmoDiss	=~	MHWdacad	1	1	1	0	NA	NA	1	1	0.971669897916656	0.897999455536937
EmoDiss	=~	MHWdlonely	1	1	0.986667377601906	0.0181537980141796	54.3504657720239	0	0.951086587311499	1.02224816789231	0.958714990072139	0.921622601419213
EmoDiss	=~	MHWdmental	1	1	1.00426532680544	0.0160638070568723	62.5172677466769	0	0.972780843519372	1.03574981009151	0.975814387578282	0.945473663998835
EmoDiss	=~	MHWdexhaust	1	1	1.00538987665231	0.0175331785098468	57.3421342905779	0	0.971025478238501	1.03975427506612	0.976907078813192	0.93618086670218
EmoDiss	=~	MHWdsleep	1	1	0.993384109815336	0.0179689553727676	55.2833533840723	0	0.958165604444904	1.02860261518577	0.965241436576296	0.914552909481998
EmoDiss	=~	MHWdfinancial	1	1	0.976544002693751	0.0202312436389818	48.2691039720432	0	0.936891493798891	1.01619651158861	0.94887841140856	0.851657323960781
QualEngag	=~	QIadmin	1	1	1	0	NA	NA	1	1	0.954065946440919	0.881684576749658
QualEngag	=~	QIstudent	1	1	0.984392324712637	0.0204011016581041	48.2519199800957	0	0.944406900217812	1.02437774920746	0.939175194946138	0.895759974676044
QualEngag	=~	QIadvisor	1	1	0.990817139979216	0.0212050797524664	46.7254616132237	0	0.949255947375082	1.03237833258335	0.945304892404155	0.907702581700852
QualEngag	=~	QIfaculty	1	1	0.989644818675266	0.0193035764330623	51.2674333746905	0	0.951810504093648	1.02747913325688	0.944186420569769	0.924468216154084
QualEngag	=~	QIstaff	1	1	1.00718724291282	0.0202259024608186	49.7969000327149	0	0.967545202534799	1.04682928329085	0.960923050152843	0.913396866352462
sbvalued	~~	sbvalued	1	1	0.156581527676215	0.0105433536233685	14.8512070513469	0	0.135916934298143	0.177246121054287	0.156581527676215	0.267529126730893
sbmyself	~~	sbmyself	1	1	0.204659645331909	0.0118584424340189	17.2585604282052	0	0.18141752524849	0.227901765415328	0.204659645331909	0.314704297197434
sbcommunity	~~	sbcommunity	1	1	0.113971461386119	0.00904310556872685	12.6031329082632	0	0.0962473001630212	0.131695622609218	0.113971461386119	0.202474383951047
pganalyze	~~	pganalyze	1	1	0.250384217808991	0.0117337707776754	21.3387684618291	0	0.227386449681899	0.273381985936084	0.250384217808991	0.487168469876241
pgthink	~~	pgthink	1	1	0.169056069392915	0.00880505085477956	19.1998969888003	0	0.151798486835504	0.186313651950327	0.169056069392915	0.377791666074977
pgwork	~~	pgwork	1	1	0.232503245015219	0.0106057336481898	21.9224103421552	0	0.211716389035142	0.253290100995295	0.232503245015219	0.498177051933545
pgvalues	~~	pgvalues	1	1	0.292878773510015	0.0131559261393937	22.2621174979864	0	0.267093632093534	0.318663914926495	0.292878773510015	0.533895414307566
pgprobsolve	~~	pgprobsolve	1	1	0.198304726223989	0.0102005560030664	19.4405801178265	0	0.178312003835695	0.218297448612283	0.198304726223989	0.421207332054768
SEacademic	~~	SEacademic	1	1	0.167838000434034	0.00944907988424722	17.7623644301961	0	0.149318144173868	0.186357856694201	0.167838000434034	0.299389085405926
SEwellness	~~	SEwellness	1	1	0.181654211363125	0.00949408426872995	19.1334104713424	0	0.163046148130226	0.200262274596024	0.181654211363125	0.327555794455476
SEnonacad	~~	SEnonacad	1	1	0.253401061892302	0.012147467478321	20.860402577289	0	0.229592463131421	0.277209660653182	0.253401061892302	0.402961948080581
SEactivities	~~	SEactivities	1	1	0.292629616563481	0.0138939858414644	21.0616031931006	0	0.265397904712502	0.319861328414461	0.292629616563481	0.455255342430602
SEdiverse	~~	SEdiverse	1	1	0.23779631316845	0.0106703866081774	22.2856323674543	0	0.216882739715303	0.258709886621596	0.23779631316845	0.39326562572985
sameinst	~~	sameinst	1	1	0.146016126720658	0.0162222157435703	9.0009977076363	0	0.114221168113821	0.177811085327494	0.146016126720658	0.338352103574745
evalexp	~~	evalexp	1	1	0.0914580585443224	0.0195522875817832	4.67761422604759	2.90231906574512e-06	0.0531362790686577	0.129779838019987	0.0914580585443224	0.194704474379734
MHWdacad	~~	MHWdacad	1	1	0.22666471782706	0.0117696123851112	19.2584692180512	0	0.203596701440245	0.249732734213874	0.22666471782706	0.193596977855365
MHWdlonely	~~	MHWdlonely	1	1	0.162979036240922	0.00896611238019205	18.1772243454114	0	0.145405778894406	0.180552293587437	0.162979036240922	0.150611780553282
MHWdmental	~~	MHWdmental	1	1	0.112997083292049	0.00706752367549116	15.9882143280116	0	0.099144991428202	0.126849175155896	0.112997083292049	0.106079550684618
MHWdexhaust	~~	MHWdexhaust	1	1	0.134550035692838	0.00802964282602244	16.7566650980775	0	0.118812224945114	0.150287846440563	0.134550035692838	0.123565384820755
MHWdsleep	~~	MHWdsleep	1	1	0.18222958895817	0.00938724254471754	19.4124726286864	0	0.163830931656381	0.200628246259958	0.18222958895817	0.163592975758013
MHWdfinancial	~~	MHWdfinancial	1	1	0.340971505422616	0.0155827465143901	21.8813483943758	0	0.310429883474194	0.371513127371037	0.340971505422616	0.274679802543962
QIadmin	~~	QIadmin	1	1	0.260686468634366	0.0128264836066591	20.3240791965014	0	0.235547022717021	0.285825914551712	0.260686468634366	0.222632307121776
QIstudent	~~	QIstudent	1	1	0.217233990181091	0.0103846086606723	20.9188422288633	0	0.196880531212631	0.237587449149552	0.217233990181091	0.197614067768374
QIadvisor	~~	QIadvisor	1	1	0.190966368991953	0.00971882812962155	19.649114733279	0	0.17191781588596	0.210014922097946	0.190966368991953	0.176076023173609
QIfaculty	~~	QIfaculty	1	1	0.151625419604369	0.00834959811697817	18.1596069032416	0	0.135260508009709	0.16799033119903	0.151625419604369	0.145358517320885
QIstaff	~~	QIstaff	1	1	0.183398953356926	0.0103226158424207	17.7667130266778	0	0.163166998079539	0.203630908634313	0.183398953356926	0.165706164537502
Belong	~~	Belong	1	1	0.315506976545612	0.0183085185683533	17.2327966005383	0	0.279622939541357	0.351391013549868	0.735951429605505	0.735951429605505
Gains	~~	Gains	1	1	0.235902104343594	0.0174507072788173	13.5181973185663	0	0.201699346572361	0.270104862114827	0.895012946834747	0.895012946834747
SupportEnv	~~	SupportEnv	1	1	0.318099773438657	0.0178556909143777	17.8150358316584	0	0.283103262327397	0.353096284549916	0.80990135906323	0.80990135906323
Satisf	~~	Satisf	1	1	0.200234878874463	0.0156482669836082	12.7959779242143	0	0.169564839166123	0.230904918582802	0.701262878779216	0.701262878779216
DevAdj	~~	DevAdj	1	1	0.113199272064754	0.0146218226296364	7.7418031207214	9.76996261670138e-15	0.0845410263223338	0.141857517807174	1	1
EmoDiss	~~	EmoDiss	1	1	0.944142390517365	0.044409468706514	21.2599343792392	0	0.857101431280039	1.03118334975469	1	1
QualEngag	~~	QualEngag	1	1	0.910241830158206	0.0456423002973772	19.9429438093091	0	0.820784565403785	0.999699094912628	1	1
DevAdj	~~	EmoDiss	1	1	-0.234073914888692	0.0207580359427332	-11.2763035739243	0	-0.274758917726237	-0.193388912051146	-0.715999061603577	-0.715999061603577
DevAdj	~~	QualEngag	1	1	0.192128060992638	0.0171348654872443	11.2126973588245	0	0.158544341757701	0.225711780227575	0.598536428562348	0.598536428562348
EmoDiss	~~	QualEngag	1	1	-0.169048621414299	0.0286461645247463	-5.90126546498973	3.6072393960751e-09	-0.225194072178011	-0.112903170650588	-0.182353662361639	-0.182353662361639
sbvalued	~1		1	1	2.47610527958335	0.0217244081816853	113.978031478475	0	2.4335262219618	2.5186843372049	2.47610527958335	3.23656534124271
sbmyself	~1		1	1	2.46241058268926	0.0231020908613316	106.588213052649	0	2.41713131663348	2.50768984874504	2.46241058268926	3.0534843393024
sbcommunity	~1		1	1	2.45526651870735	0.0213405883375387	115.051491546204	0	2.41343973415688	2.49709330325782	2.45526651870735	3.27254499307569
pganalyze	~1		1	1	2.7460761715656	0.0204337436965235	134.389283351577	0	2.70602676985109	2.78612557328011	2.7460761715656	3.83044023345991
pgthink	~1		1	1	2.72314901214477	0.0191789191859839	141.986573160747	0	2.68555902127783	2.7607390030117	2.72314901214477	4.07082290856153
pgwork	~1		1	1	2.76073104596897	0.0193295880322499	142.824101649911	0	2.72284574958976	2.79861634234817	2.76073104596897	4.04111722788379
pgvalues	~1		1	1	2.73249437096736	0.0211208362930411	129.374345459401	0	2.69109829250963	2.77389044942509	2.73249437096736	3.68929533499238
pgprobsolve	~1		1	1	2.74129921446861	0.019633468914407	139.623783571788	0	2.70281832250478	2.77978010643243	2.74129921446861	3.99519397799457
SEacademic	~1		1	1	2.47522580796929	0.0213412659674703	115.983082341141	0	2.43339769528856	2.51705392065003	2.47522580796929	3.30588436043206
SEwellness	~1		1	1	2.48923724404638	0.02133333445922	116.68298965662	0	2.44742467683616	2.5310498112566	2.48923724404638	3.3426137717764
SEnonacad	~1		1	1	2.44822829650422	0.0226580254589293	108.051264261396	0	2.40381938264393	2.49263721036451	2.44822829650422	3.08730628219284
SEactivities	~1		1	1	2.46126847907988	0.0228091956559025	107.906851088059	0	2.41656327707798	2.50597368108177	2.46126847907988	3.06992224759962
SEdiverse	~1		1	1	2.4850327289307	0.0222226726438568	111.824206240002	0	2.44147709090852	2.52858836695288	2.4850327289307	3.19574816526216
sameinst	~1		1	1	2.6508987749285	0.0186597837336046	142.064817726396	0	2.61432627085132	2.68747127900567	2.6508987749285	4.03531250159664
evalexp	~1		1	1	2.66610783028394	0.0195459125943272	136.402320301878	0	2.62779854555409	2.70441711501379	2.66610783028394	3.89004555591868
MHWdacad	~1		1	1	3.95897576989275	0.0312326304245734	126.757679903191	0	3.89776093911814	4.02019060066736	3.95897576989275	3.65881262090158
MHWdlonely	~1		1	1	3.94380164714891	0.0299414902391062	131.716945805121	0	3.8851174046368	4.00248588966101	3.94380164714891	3.79121717211625
MHWdmental	~1		1	1	3.9574706595213	0.0295982779205799	133.706111894086	0	3.89945910079256	4.01548221825005	3.9574706595213	3.83442213217555
MHWdexhaust	~1		1	1	3.9373329457556	0.0299359327310545	131.525313780223	0	3.87865959575911	3.99600629575208	3.9373329457556	3.77318974301074
MHWdsleep	~1		1	1	3.94186425782556	0.0301620949851385	130.689339045176	0	3.88274763795641	4.00098087769471	3.94186425782556	3.73486185856725
MHWdfinancial	~1		1	1	3.94602312458298	0.031954439432933	123.489042355602	0	3.88339357414826	4.0086526750177	3.94602312458298	3.54171773133818
QIadmin	~1		1	1	4.5808489190548	0.0309296860838811	148.105250943433	0	4.52022784827727	4.64146998983234	4.5808489190548	4.2333172622057
QIstudent	~1		1	1	4.61121970662165	0.0297702900120912	154.893341809865	0	4.55287101038864	4.66956840285467	4.61121970662165	4.39805700774068
QIadvisor	~1		1	1	4.59163806661298	0.0299692090583927	153.211853461549	0	4.53289949621338	4.65037663701258	4.59163806661298	4.40899202023657
QIfaculty	~1		1	1	4.59836789146702	0.0291266687016384	157.874830746036	0	4.54128066982218	4.65545511311187	4.59836789146702	4.50233647639144
QIstaff	~1		1	1	4.5997427556284	0.0300106295447861	153.270452016477	0	4.54092300256725	4.65856250868956	4.5997427556284	4.37224460205233
Belong	~1		1	1	0	0	NA	NA	0	0	0	0
Gains	~1		1	1	0	0	NA	NA	0	0	0	0
SupportEnv	~1		1	1	0	0	NA	NA	0	0	0	0
Satisf	~1		1	1	0	0	NA	NA	0	0	0	0
DevAdj	~1		1	1	0	0	NA	NA	0	0	0	0
EmoDiss	~1		1	1	0	0	NA	NA	0	0	0	0
QualEngag	~1		1	1	0	0	NA	NA	0	0	0	0
Belong	=~	sbvalued	2	2	1	0	NA	NA	1	1	0.647991596117596	0.861777678961866
Belong	=~	sbmyself	2	2	0.963910767131733	0.0208151295107702	46.3081801452633	0	0.923113862957087	1.00470767130638	0.624606076508628	0.81780429194676
Belong	=~	sbcommunity	2	2	1.01760447770938	0.0200547043677601	50.7414349794793	0	0.978297979427969	1.05691097599079	0.659399149727312	0.886588652055221
Gains	=~	pganalyze	2	2	1	0	NA	NA	1	1	0.517353166372026	0.713053676333512
Gains	=~	pgthink	2	2	1.01180795209355	0.0307274577705333	32.9284628637208	0	0.951583241526832	1.07203266266027	0.523462047775995	0.78402326670874
Gains	=~	pgwork	2	2	0.98373611736565	0.0304427539542568	32.3142945228874	0	0.924069416025092	1.04340281870621	0.508938995193642	0.743089562991722
Gains	=~	pgvalues	2	2	0.965291020933802	0.029543103108113	32.6739888291802	0	0.907387602850348	1.02319443901726	0.499396366150589	0.700897448644708
Gains	=~	pgprobsolve	2	2	1.02629061064734	0.0300745349339334	34.1249037733036	0	0.967345605325035	1.08523561596964	0.53095469703628	0.767834667126074
SupportEnv	=~	SEacademic	2	2	1	0	NA	NA	1	1	0.565332063417778	0.801378896250572
SupportEnv	=~	SEwellness	2	2	0.990310382208512	0.0256656864356786	38.584994977257	0	0.940006561156084	1.04061420326094	0.559854211797987	0.785146881452997
SupportEnv	=~	SEnonacad	2	2	0.977657021065733	0.0265481771454951	36.8257683270592	0	0.925623550005373	1.02969049212609	0.552700861033969	0.733483276820721
SupportEnv	=~	SEactivities	2	2	1.06703645991331	0.0280786576293216	38.0016906078529	0	1.01200330222561	1.12206961760101	0.603229923624793	0.74762279642638
SupportEnv	=~	SEdiverse	2	2	1.01383616625925	0.0278088628113979	36.4573040305595	0	0.959331796697898	1.06834053582061	0.573154091838914	0.757003858858459
Satisf	=~	sameinst	2	2	1	0	NA	NA	1	1	0.554484256446483	0.863262075723087
Satisf	=~	evalexp	2	2	1.00148230318333	0.045358613469039	22.0792089217392	0	0.912581054395337	1.09038355197132	0.555306170224918	0.845680734835751
DevAdj	=~	Belong	2	2	1	0	NA	NA	1	1	0.319768053479311	0.319768053479311
DevAdj	=~	Gains	2	2	0.511610322702964	0.0778881381279694	6.56852680009365	5.08155739709082e-11	0.358952377149263	0.664268268256665	0.204906924011615	0.204906924011615
DevAdj	=~	SupportEnv	2	2	0.930257031805531	0.093577367705849	9.94104722767688	0	0.746848761334005	1.11366530227706	0.340960281278041	0.340960281278041
DevAdj	=~	Satisf	2	2	1.15459476405321	0.111998344035075	10.3090342451101	0	0.935082043416339	1.37410748469008	0.43146424377545	0.43146424377545
EmoDiss	=~	MHWdacad	2	2	1	0	NA	NA	1	1	0.997463729901257	0.90196029547028
EmoDiss	=~	MHWdlonely	2	2	0.992938730475433	0.0141144907220815	70.348888247312	0	0.965274837000028	1.02060262395084	0.990420369663444	0.923724460190366
EmoDiss	=~	MHWdmental	2	2	0.99414286440994	0.0137247403663206	72.4343658149983	0	0.967242867594789	1.02104286122509	0.991621449589058	0.93627342032563
EmoDiss	=~	MHWdexhaust	2	2	1.00144704048748	0.0140464774789809	71.295244091342	0	0.973916450519026	1.02897763045594	0.998907100303218	0.932552041968452
EmoDiss	=~	MHWdsleep	2	2	0.98946553551172	0.0143382151903622	69.0089751321918	0	0.961363150136025	1.01756792088741	0.986955983660265	0.916263896791657
EmoDiss	=~	MHWdfinancial	2	2	1.00264684655805	0.0153023289987368	65.5224996561516	0	0.972654832840942	1.03263886027516	1.00010386334152	0.872770073516958
QualEngag	=~	QIadmin	2	2	1	0	NA	NA	1	1	1.00756671894848	0.901334120840671
QualEngag	=~	QIstudent	2	2	0.995924146339036	0.0141487075879843	70.3897610538518	0	0.968193189038798	1.02365510363927	1.00346002444839	0.910854053526849
QualEngag	=~	QIadvisor	2	2	0.991460205970195	0.0137289157619557	72.2169341819141	0	0.964552025529977	1.01836838641041	0.998962306697376	0.919305473906839
QualEngag	=~	QIfaculty	2	2	0.984876650791508	0.0137482510383721	71.636504748325	0	0.957930573905883	1.01182272767713	0.99232893560697	0.928019945290516
QualEngag	=~	QIstaff	2	2	0.98064095920167	0.0136590687054346	71.7941303576207	0	0.95386967647666	1.00741224192668	0.98806119372932	0.913880821466152
sbvalued	~~	sbvalued	2	2	0.145497075891894	0.00751362012831672	19.3644439573884	0	0.130770651046878	0.16022350073691	0.145497075891894	0.2573392320431
sbmyself	~~	sbmyself	2	2	0.193196344888323	0.00815617643512613	23.6871218303084	0	0.177210532823921	0.209182156952724	0.193196344888323	0.331196140073458
sbcommunity	~~	sbcommunity	2	2	0.118354877216153	0.00715442362601132	16.5428947743395	0	0.104332464579029	0.132377289853278	0.118354877216153	0.213960562046906
pganalyze	~~	pganalyze	2	2	0.258762544134087	0.00889132939199793	29.1027958504123	0	0.241335858751088	0.276189229517085	0.258762544134087	0.491554454667263
pgthink	~~	pgthink	2	2	0.171759188529297	0.00662907728599081	25.9099692339195	0	0.158766435798022	0.184751941260571	0.171759188529297	0.385307517259356
pgwork	~~	pgwork	2	2	0.210063493317451	0.00759540010942041	27.6566724979918	0	0.195176782654816	0.224950203980087	0.210063493317451	0.447817901372772
pgvalues	~~	pgvalues	2	2	0.258273617124432	0.0087487884676417	29.5210723267208	0	0.241126306819495	0.275420927429369	0.258273617124432	0.508742766483339
pgprobsolve	~~	pgprobsolve	2	2	0.196254000725501	0.00746271629309457	26.2979313453333	0	0.181627345564196	0.210880655886807	0.196254000725501	0.410429923959392
SEacademic	~~	SEacademic	2	2	0.17805816523341	0.00679990304031382	26.1853976707869	0	0.164730600176031	0.19138573029079	0.17805816523341	0.357791864644215
SEwellness	~~	SEwellness	2	2	0.195013059903859	0.00736737793921606	26.469805338181	0	0.1805732644825	0.209452855325217	0.195013059903859	0.383544374544634
SEnonacad	~~	SEnonacad	2	2	0.262327590693913	0.00895252054382275	29.3020931267138	0	0.244780972857166	0.279874208530661	0.262327590693913	0.462002282624337
SEactivities	~~	SEactivities	2	2	0.287143181529616	0.0104182694970347	27.5615044908701	0	0.266723748534196	0.307562614525036	0.287143181529616	0.4410601542636
SEdiverse	~~	SEdiverse	2	2	0.244747745548934	0.00909776942181952	26.9019508190597	0	0.226916445142518	0.26257904595535	0.244747745548934	0.426945157673402
sameinst	~~	sameinst	2	2	0.105112905871229	0.0132703564450915	7.92088037018092	2.44249065417534e-15	0.0791034851768408	0.131122326565617	0.105112905871229	0.254778588618268
evalexp	~~	evalexp	2	2	0.122808619529686	0.0136344690077198	9.00721688979243	0	0.0960855513262271	0.149531687733144	0.122808619529686	0.284824094727664
MHWdacad	~~	MHWdacad	2	2	0.2280461923152	0.00840143731766749	27.1437116879559	0	0.211579677754201	0.244512706876199	0.2280461923152	0.186467625395166
MHWdlonely	~~	MHWdlonely	2	2	0.168687303783659	0.00664155885675192	25.3987516217174	0	0.155670087623222	0.181704519944096	0.168687303783659	0.146733121646017
MHWdmental	~~	MHWdmental	2	2	0.138411995290798	0.00586111508234508	23.6153007313786	0	0.126924420820157	0.149899569761439	0.138411995290798	0.123392082391745
MHWdexhaust	~~	MHWdexhaust	2	2	0.14955607177546	0.00618154812634045	24.1939508871864	0	0.137440460079131	0.161671683471788	0.14955607177546	0.130346689020472
MHWdsleep	~~	MHWdsleep	2	2	0.186175480559516	0.00718986183850267	25.8941666392699	0	0.172083610302232	0.2002673508168	0.186175480559516	0.160460471436168
MHWdfinancial	~~	MHWdfinancial	2	2	0.312870239301846	0.0106840647337053	29.2838210081998	0	0.291929857215289	0.333810621388403	0.312870239301846	0.238272398773204
QIadmin	~~	QIadmin	2	2	0.234423656481071	0.00912682875602859	25.6851161282309	0	0.216535400826191	0.252311912135952	0.234423656481071	0.187596802608375
QIstudent	~~	QIstudent	2	2	0.206743411909647	0.00778185457745411	26.5673702652619	0	0.191491257204909	0.221995566614385	0.206743411909647	0.170344893173708
QIadvisor	~~	QIadvisor	2	2	0.182880200091096	0.0073122317617331	25.010175559281	0	0.168548489191489	0.197211910990702	0.182880200091096	0.154877445644923
QIfaculty	~~	QIfaculty	2	2	0.158679339716741	0.00631038345159981	25.1457523831635	0	0.146311215422968	0.171047464010514	0.158679339716741	0.138778981142989
QIstaff	~~	QIstaff	2	2	0.192665222138065	0.00719673671209495	26.7711922563831	0	0.178559877376141	0.206770566899988	0.192665222138065	0.164821844156351
Belong	~~	Belong	2	2	0.376958363081675	0.0153853330555347	24.5011506556934	0	0.346803664402673	0.407113061760676	0.897748391974052	0.897748391974052
Gains	~~	Gains	2	2	0.256416338528494	0.0131991763864619	19.4266923193401	0	0.230546428185437	0.282286248871551	0.958013152492098	0.958013152492098
SupportEnv	~~	SupportEnv	2	2	0.282445551452131	0.0129487911052357	21.8125035114611	0	0.257066387242536	0.307824715661725	0.883746086590799	0.883746086590799
Satisf	~~	Satisf	2	2	0.250216950656514	0.0161711317709085	15.4730636173931	0	0.218522114796281	0.281911786516746	0.813838606343279	0.813838606343279
DevAdj	~~	DevAdj	2	2	0.0429347455573547	0.00789359040285701	5.4391909595176	5.35230633147421e-08	0.027463592659044	0.0584058984556655	1	1
EmoDiss	~~	EmoDiss	2	2	0.994933892468527	0.0359661334966019	27.6630762259315	0	0.924441566152028	1.06542621878503	1	1
QualEngag	~~	QualEngag	2	2	1.01519069313261	0.0361305108241743	28.0978782191301	0	0.944376193174194	1.08600519309103	1	1
DevAdj	~~	EmoDiss	2	2	-0.155804798564485	0.0161509498695263	-9.64678856804939	0	-0.187460078624868	-0.124149518504102	-0.753840159069124	-0.753840159069124
DevAdj	~~	QualEngag	2	2	0.139773223065334	0.0123720111345335	11.2975345354476	0	0.11552452682532	0.164021919305348	0.669492504657095	0.669492504657095
EmoDiss	~~	QualEngag	2	2	-0.193965571444157	0.0235994339068626	-8.21907729692416	2.22044604925031e-16	-0.240219611957141	-0.147711530931173	-0.192998406710444	-0.192998406710444
sbvalued	~1		2	2	2.61074566953451	0.015980323563805	163.372516151536	0	2.57942481088815	2.64206652818086	2.61074566953451	3.4720856827947
sbmyself	~1		2	2	2.60140043973868	0.0161942302574369	160.637486214823	0	2.56966033167676	2.63314054780061	2.60140043973868	3.40604506536705
sbcommunity	~1		2	2	2.59145128833377	0.0158198776925536	163.80981817284	0	2.56044489781654	2.62245767885101	2.59145128833377	3.48431038399236
pganalyze	~1		2	2	2.94464609099346	0.0154308622462776	190.828357093512	0	2.91440215674036	2.97489002524657	2.94464609099346	4.05852492487524
pgthink	~1		2	2	2.93571880000053	0.014241568684409	206.137319915777	0	2.90780583829573	2.96363176170532	2.93571880000053	4.39701761282153
pgwork	~1		2	2	2.92806175276337	0.0145568582758652	201.146545310398	0	2.89953083481462	2.95659267071212	2.92806175276337	4.27519240777737
pgvalues	~1		2	2	2.93337664796245	0.0150742508799505	194.595185613103	0	2.90383165914383	2.96292163678108	2.93337664796245	4.11696269301824
pgprobsolve	~1		2	2	2.92410361003388	0.0146600613506223	199.460530218705	0	2.89537041777551	2.95283680229224	2.92410361003388	4.22866232201181
SEacademic	~1		2	2	2.66710247859304	0.0149048131997772	178.94236196351	0	2.63788958152518	2.6963153756609	2.66710247859304	3.7807154038998
SEwellness	~1		2	2	2.6508609374643	0.015098548917897	175.570576475871	0	2.62126832536641	2.6804535495622	2.6508609374643	3.71760210846939
SEnonacad	~1		2	2	2.65962226833198	0.0160246507791663	165.970685101591	0	2.62821452993998	2.69103000672398	2.65962226833198	3.52955566747634
SEactivities	~1		2	2	2.64429105333126	0.0171256900380766	154.40493477647	0	2.61072531764624	2.67785678901629	2.64429105333126	3.27724503449272
SEdiverse	~1		2	2	2.66760117972375	0.0160472168817743	166.234506542595	0	2.63614921258336	2.69905314686413	2.66760117972375	3.52328355620256
sameinst	~1		2	2	2.8310876499035	0.0136438150237486	207.499709207114	0	2.80434626384523	2.85782903596177	2.8310876499035	4.40764651619207
evalexp	~1		2	2	2.83156106652288	0.0139219888246452	203.387684201437	0	2.80427446983341	2.85884766321236	2.83156106652288	4.31220968155186
MHWdacad	~1		2	2	4.09081147821188	0.0237483594149998	172.256592833443	0	4.04426554906657	4.13735740735719	4.09081147821188	3.69913152628263
MHWdlonely	~1		2	2	4.09764436039452	0.0231220693515345	177.217890756071	0	4.05232593721747	4.14296278357157	4.09764436039452	3.82170484452349
MHWdmental	~1		2	2	4.10615552966145	0.0227374614929263	180.58988383285	0	4.06159092403545	4.15072013528746	4.10615552966145	3.87696765105105
MHWdexhaust	~1		2	2	4.09771164995661	0.0229715836107615	178.3817658978	0	4.05268817341166	4.14273512650155	4.09771164995661	3.82551026557423
MHWdsleep	~1		2	2	4.09969692582114	0.0230580431911627	177.79899585722	0	4.05450399161249	4.14488986002978	4.09969692582114	3.8060504653779
MHWdfinancial	~1		2	2	4.11171227166011	0.0246671594907994	166.687707727099	0	4.06336552745724	4.16005901586298	4.11171227166011	3.58820673847543
QIadmin	~1		2	2	4.66058211346153	0.0239680217211383	194.450012090534	0	4.61360565410742	4.70755857281563	4.66058211346153	4.16919455837781
QIstudent	~1		2	2	4.63973207325757	0.0236243349021972	196.396304592941	0	4.59342922769055	4.68603491882459	4.63973207325757	4.21154671161745
QIadvisor	~1		2	2	4.64538818110329	0.0232423246419435	199.867623082768	0	4.5998340618881	4.69094230031849	4.64538818110329	4.27496688781882
QIfaculty	~1		2	2	4.63271232776821	0.0228658939158945	202.603595766178	0	4.58789599921874	4.67752865631767	4.63271232776821	4.33248420629039
QIstaff	~1		2	2	4.64020712814507	0.0231647071818251	200.313653512778	0	4.59480513635627	4.68560911993386	4.64020712814507	4.29183569697407
Belong	~1		2	2	0	0	NA	NA	0	0	0	0
Gains	~1		2	2	0	0	NA	NA	0	0	0	0
SupportEnv	~1		2	2	0	0	NA	NA	0	0	0	0
Satisf	~1		2	2	0	0	NA	NA	0	0	0	0
DevAdj	~1		2	2	0	0	NA	NA	0	0	0	0
EmoDiss	~1		2	2	0	0	NA	NA	0	0	0	0
QualEngag	~1		2	2	0	0	NA	NA	0	0	0	0
Belong	=~	sbvalued	3	3	1	0	NA	NA	1	1	0.639102260342309	0.863362321386045
Belong	=~	sbmyself	3	3	0.97840953871554	0.0269482799558377	36.3069383396246	0	0.925591880556795	1.03122719687428	0.625303747733578	0.82832124863341
Belong	=~	sbcommunity	3	3	0.99858303986659	0.0252152936862229	39.6022767885584	0	0.949161972381993	1.04800410735119	0.638196677918232	0.892339057333192
Gains	=~	pganalyze	3	3	1	0	NA	NA	1	1	0.467818622030769	0.694617928193134
Gains	=~	pgthink	3	3	0.99226262255613	0.0438893339165226	22.6082862055599	0	0.906241108774294	1.07828413633797	0.464198932776846	0.748029912640578
Gains	=~	pgwork	3	3	0.971820076141735	0.0455452288896903	21.3374726581233	0	0.882553067850309	1.06108708443316	0.454635528882463	0.703361306301178
Gains	=~	pgvalues	3	3	0.994790268930296	0.0472772358242229	21.0416334962757	0	0.902128589426212	1.08745194843438	0.465381412820589	0.68293214515285
Gains	=~	pgprobsolve	3	3	1.0633351405571	0.0445534491366464	23.8665055380073	0	0.976011984862235	1.15065829625196	0.497447980212316	0.756676173960789
SupportEnv	=~	SEacademic	3	3	1	0	NA	NA	1	1	0.558605517217787	0.796400103834139
SupportEnv	=~	SEwellness	3	3	1.00913541625536	0.0341689313215258	29.5337131489278	0	0.942165541474944	1.07610529103577	0.563708611140111	0.806773230891276
SupportEnv	=~	SEnonacad	3	3	0.975954151450668	0.0364384095366921	26.7836649255484	0	0.90453618110483	1.0473721217965	0.545173373551947	0.742654569378706
SupportEnv	=~	SEactivities	3	3	0.986012294363304	0.0383536760037035	25.7084169524739	0	0.910840470721327	1.06118411800528	0.55079190767591	0.722142105555785
SupportEnv	=~	SEdiverse	3	3	1.02815633355414	0.0345350242445568	29.7714090563058	0	0.960468929829589	1.09584373727869	0.574333800485753	0.783393979002509
Satisf	=~	sameinst	3	3	1	0	NA	NA	1	1	0.567705669777539	0.891970108056491
Satisf	=~	evalexp	3	3	0.957439859944642	0.0561122619570165	17.062934669753	0	0.847461847417812	1.06741787247147	0.543544036961586	0.857989932762657
DevAdj	=~	Belong	3	3	1	0	NA	NA	1	1	0.35364154700147	0.35364154700147
DevAdj	=~	Gains	3	3	0.532671116284146	0.0905644669155101	5.88167892360134	4.06125599816676e-09	0.355168022850677	0.710174209717615	0.257344729379038	0.257344729379038
DevAdj	=~	SupportEnv	3	3	0.669808491764145	0.0963902004925939	6.94892725962957	3.68083341584224e-12	0.480887170336066	0.858729813192224	0.271006098271559	0.271006098271559
DevAdj	=~	Satisf	3	3	1.0359739829492	0.13207273488301	7.84396555327538	4.44089209850063e-15	0.777116179238797	1.29483178665961	0.412438551071985	0.412438551071985
EmoDiss	=~	MHWdacad	3	3	1	0	NA	NA	1	1	0.841171331658483	0.878667524467632
EmoDiss	=~	MHWdlonely	3	3	0.998068755616474	0.0224480612007933	44.46124530261	0	0.954071364140169	1.04206614709278	0.839546824248635	0.904483255524258
EmoDiss	=~	MHWdmental	3	3	1.0219461977307	0.0213642323987246	47.8344449104432	0	0.980073071671855	1.06381932378954	0.859631844028455	0.923127037407009
EmoDiss	=~	MHWdexhaust	3	3	1.0124479677766	0.0214112854266222	47.2857162754812	0	0.970482619477717	1.05441331607549	0.85164220528957	0.900236447595746
EmoDiss	=~	MHWdsleep	3	3	1.03126634796861	0.0233745791931395	44.1191406890133	0	0.985453014596275	1.07707968134094	0.867471687215334	0.897588756947912
EmoDiss	=~	MHWdfinancial	3	3	0.97631886898984	0.026701108619802	36.5647315582165	0	0.923985657747736	1.02865208023194	0.821251443151487	0.798421590647254
QualEngag	=~	QIadmin	3	3	1	0	NA	NA	1	1	0.8851752045552	0.876864861060391
QualEngag	=~	QIstudent	3	3	1.01634217735342	0.0209211701665742	48.5796047382297	0	0.975337437312496	1.05734691739433	0.899640894736886	0.894026748450998
QualEngag	=~	QIadvisor	3	3	1.00226720607834	0.0219349921885214	45.6926174153288	0	0.959275411387666	1.045259000769	0.887182079159359	0.904335361669316
QualEngag	=~	QIfaculty	3	3	1.01781341875376	0.0203768882761409	49.9494037048584	0	0.977875451615523	1.05775138589199	0.900943201144383	0.921678776229275
QualEngag	=~	QIstaff	3	3	1.01402488753388	0.0211875560034965	47.859455208828	0	0.972498040846597	1.05555173422115	0.897589687246862	0.906494110131907
sbvalued	~~	sbvalued	3	3	0.139515451477195	0.00992603238238734	14.0555104096527	0	0.120060785498337	0.158970117456052	0.139515451477195	0.254605502010899
sbmyself	~~	sbmyself	3	3	0.178876591681492	0.0106196819894823	16.8438745961179	0	0.158062397454838	0.199690785908146	0.178876591681492	0.313883909062389
sbcommunity	~~	sbcommunity	3	3	0.104209282342618	0.0086657094782518	12.0254761141197	0	0.0872248038647567	0.121193760820479	0.104209282342618	0.20373100675771
pganalyze	~~	pganalyze	3	3	0.234735280183247	0.0117346635737087	20.0035798818439	0	0.211735762208084	0.25773479815841	0.234735280183247	0.517505933832679
pgthink	~~	pgthink	3	3	0.169616536911371	0.00899753205532799	18.8514512500048	0	0.151981698133184	0.187251375689559	0.169616536911371	0.440451249794929
pgwork	~~	pgwork	3	3	0.211107846479986	0.0101641765174116	20.7697934130081	0	0.191186426573352	0.231029266386621	0.211107846479986	0.5052828727983
pgvalues	~~	pgvalues	3	3	0.247788859837637	0.011542285370964	21.4679200759478	0	0.225166396211264	0.27041132346401	0.247788859837637	0.533603685116927
pgprobsolve	~~	pgprobsolve	3	3	0.184736015771509	0.00984625236316516	18.7620638754504	0	0.165437715757013	0.204034315786005	0.184736015771509	0.427441167760061
SEacademic	~~	SEacademic	3	3	0.17994030378368	0.0091677965385517	19.6274320690919	0	0.161971752750527	0.197908854816832	0.17994030378368	0.365746874612973
SEwellness	~~	SEwellness	3	3	0.170442273473129	0.00891712136847582	19.1140466110155	0	0.152965036745144	0.187919510201114	0.170442273473129	0.349116953917252
SEnonacad	~~	SEnonacad	3	3	0.241670326577914	0.0122662070615203	19.7021235142887	0	0.217629002510423	0.265711650645404	0.241670326577914	0.448464190580929
SEactivities	~~	SEactivities	3	3	0.278369398833595	0.0127324895028976	21.8629199553037	0	0.253414177974381	0.303324619692808	0.278369398833595	0.478510779383457
SEdiverse	~~	SEdiverse	3	3	0.207628092416422	0.0104371160481985	19.8932436371885	0	0.187171720859488	0.228084463973356	0.207628092416422	0.386293873662617
sameinst	~~	sameinst	3	3	0.0827949931641117	0.0194574461482519	4.25518295326492	2.08878149501324e-05	0.0446590994824103	0.120930886845813	0.0827949931641117	0.204389326333692
evalexp	~~	evalexp	3	3	0.105893079087833	0.0182090238838806	5.81541766121657	6.04826788652701e-09	0.0702040480817979	0.141582110093869	0.105893079087833	0.263853275277932
MHWdacad	~~	MHWdacad	3	3	0.20890400299276	0.0103459411614533	20.1918800554453	0	0.188626330930141	0.229181675055379	0.20890400299276	0.227943381445922
MHWdlonely	~~	MHWdlonely	3	3	0.156727589548763	0.00862977619071323	18.1612577296527	0	0.139813539020324	0.173641640077202	0.156727589548763	0.18191004047624
MHWdmental	~~	MHWdmental	3	3	0.128198705537683	0.00759751005573304	16.8737789877547	0	0.113307859456265	0.143089551619101	0.128198705537683	0.147836472808159
MHWdexhaust	~~	MHWdexhaust	3	3	0.16966048984693	0.00915727255515535	18.5274041834012	0	0.151712565442209	0.187608414251652	0.16966048984693	0.189574338420191
MHWdsleep	~~	MHWdsleep	3	3	0.181512085281625	0.00950804842819497	19.0903618815585	0	0.162876652799101	0.20014751776415	0.181512085281625	0.194334423400703
MHWdfinancial	~~	MHWdfinancial	3	3	0.38355113139003	0.0162076664769708	23.6647966525601	0	0.35178468882173	0.41531757395833	0.38355113139003	0.362522963588309
QIadmin	~~	QIadmin	3	3	0.235509350473626	0.0110800120656068	21.2553333948674	0	0.213792925876767	0.257225775070484	0.235509350473626	0.231108015437541
QIstudent	~~	QIstudent	3	3	0.203244929722671	0.010261779069747	19.8060130062497	0	0.18313221232866	0.223357647116682	0.203244929722671	0.200716173054136
QIadvisor	~~	QIadvisor	3	3	0.175332070252755	0.00947978502758806	18.4953635280235	0	0.156752033017501	0.19391210748801	0.175332070252755	0.182177553634427
QIfaculty	~~	QIfaculty	3	3	0.143812259245402	0.00859176033994595	16.7383927804377	0	0.126972718415309	0.160651800075496	0.143812259245402	0.150508233448506
QIstaff	~~	QIstaff	3	3	0.174783394889563	0.0095944956263971	18.217048784585	0	0.155978529011998	0.193588260767129	0.174783394889563	0.178268428296162
Belong	~~	Belong	3	3	0.357369772360828	0.019277454492336	18.5382241469124	0	0.31958665584224	0.395152888879417	0.874937656234407	0.874937656234407
Gains	~~	Gains	3	3	0.204360352901726	0.0151248348686626	13.5115758073592	0	0.174716221287031	0.23400448451642	0.93377369026083	0.93377369026083
SupportEnv	~~	SupportEnv	3	3	0.289122553742959	0.0184901840243594	15.6365427927631	0	0.252882458987697	0.325362648498221	0.926555694699626	0.926555694699626
Satisf	~~	Satisf	3	3	0.267466453431669	0.0220040921281301	12.1553051075322	0	0.224339225348033	0.310593681515305	0.829894441589642	0.829894441589642
DevAdj	~~	DevAdj	3	3	0.0510819268138205	0.0112298620635913	4.54875817036389	5.39634119478549e-06	0.0290718016178289	0.0730920520098121	1	1
EmoDiss	~~	EmoDiss	3	3	0.707569209204105	0.036537242353001	19.3656982201337	0	0.635957530097812	0.779180888310399	1	1
QualEngag	~~	QualEngag	3	3	0.78353514275934	0.0364204385781875	21.5136108555432	0	0.712152394844939	0.85491789067374	1	1
DevAdj	~~	EmoDiss	3	3	-0.123702719888573	0.0152951582504254	-8.08770447897344	6.66133814775094e-16	-0.153680679197247	-0.0937247605798985	-0.65067054997276	-0.65067054997276
DevAdj	~~	QualEngag	3	3	0.127500801523016	0.0152775620575845	8.34562484789375	0	0.0975573301185746	0.157444272927457	0.637308982520746	0.637308982520746
EmoDiss	~~	QualEngag	3	3	-0.0507807396573859	0.0223602017629171	-2.27103226508458	0.0231450248105078	-0.0946059297997525	-0.00695554951501934	-0.0682001483751082	-0.0682001483751082
sbvalued	~1		3	3	3.06229896737235	0.0210462171128985	145.503534005432	0	3.02104913982025	3.10354879492444	3.06229896737235	4.136855256673
sbmyself	~1		3	3	3.05464108583933	0.0212473851185919	143.765506615986	0	3.01299697624124	3.09628519543742	3.05464108583933	4.04639205749235
sbcommunity	~1		3	3	3.04470743431657	0.0202323274943701	150.487255367125	0	3.00505280110418	3.08436206752895	3.04470743431657	4.25716938962429
pganalyze	~1		3	3	3.13062469319235	0.0191339418142812	163.616296295817	0	3.09312285635407	3.16812653003062	3.13062469319235	4.64835715366737
pgthink	~1		3	3	3.118583035502	0.0174391116864012	178.826943228641	0	3.08440300467428	3.15276306632972	3.118583035502	5.02541740381466
pgwork	~1		3	3	3.09774624809062	0.0182170045828107	170.046959916429	0	3.06204157520211	3.13345092097913	3.09774624809062	4.79248696863259
pgvalues	~1		3	3	3.12709987954008	0.0191694006596639	163.129767855502	0	3.08952854464192	3.16467121443824	3.12709987954008	4.58891775650874
pgprobsolve	~1		3	3	3.10609737512123	0.0187486431981347	165.670515049871	0	3.06935070969389	3.14284404054856	3.10609737512123	4.72473498988426
SEacademic	~1		3	3	3.04834988545003	0.019819385816984	153.806475821152	0	3.00950460305304	3.08719516784703	3.04834988545003	4.34601179269893
SEwellness	~1		3	3	3.05423574273324	0.0197462219857404	154.67443569402	0	3.01553385881045	3.09293762665602	3.05423574273324	4.37118679646364
SEnonacad	~1		3	3	3.0556209316959	0.0208581125158967	146.495562787242	0	3.01473978237926	3.09650208101254	3.0556209316959	4.16247556704446
SEactivities	~1		3	3	3.04320224945426	0.0217321402773016	140.032330484852	0	3.00060803720378	3.08579646170475	3.04320224945426	3.98993603469225
SEdiverse	~1		3	3	3.06372804572394	0.0208030498649031	147.273023216311	0	3.02295481722014	3.10450127422774	3.06372804572394	4.17893932464244
sameinst	~1		3	3	3.17518420773044	0.0181951047358575	174.507608163037	0	3.13952245775322	3.21084595770765	3.17518420773044	4.98879886469761
evalexp	~1		3	3	3.17631379587176	0.0180452332106888	176.019548142516	0	3.14094578868619	3.21168180305734	3.17631379587176	5.01384446306733
MHWdacad	~1		3	3	3.2625182215422	0.0275915138171267	118.243538327247	0	3.20843984818169	3.31659659490271	3.2625182215422	3.40794877495528
MHWdlonely	~1		3	3	3.26883673836191	0.0267298077809806	122.291816130747	0	3.2164472777975	3.32122619892631	3.26883673836191	3.52167146548012
MHWdmental	~1		3	3	3.2662779990781	0.0269223250578047	121.322285206241	0	3.21351121158473	3.31904478657148	3.2662779990781	3.50753587548213
MHWdexhaust	~1		3	3	3.27538860242671	0.0272631326789492	120.139847500201	0	3.22195384427023	3.32882336058319	3.27538860242671	3.46228049952227
MHWdsleep	~1		3	3	3.25604183302205	0.0277052619998178	117.524311195594	0	3.20174051732016	3.31034314872394	3.25604183302205	3.36908579789438
MHWdfinancial	~1		3	3	3.27413327655269	0.0294996892781716	110.988737734787	0	3.21631494801235	3.33195160509303	3.27413327655269	3.18311610951301
QIadmin	~1		3	3	5.33393919168662	0.0288943023184085	184.601764490032	0	5.27730739978413	5.39057098358911	5.33393919168662	5.28386225026844
QIstudent	~1		3	3	5.31852340178114	0.0286790498910309	185.449776822783	0	5.26231349688389	5.37473330667838	5.31852340178114	5.28533352726876
QIadvisor	~1		3	3	5.33076108399319	0.0280496103939367	190.047598135106	0	5.27578485784069	5.38573731014568	5.33076108399319	5.43382904829817
QIfaculty	~1		3	3	5.33149391633854	0.0280035028190713	190.386679508808	0	5.2766080593722	5.38637977330489	5.33149391633854	5.45420042244954
QIstaff	~1		3	3	5.32198955037177	0.0282819103106834	188.176452435796	0	5.26655802474884	5.3774210759947	5.32198955037177	5.37478566224741
Belong	~1		3	3	0	0	NA	NA	0	0	0	0
Gains	~1		3	3	0	0	NA	NA	0	0	0	0
SupportEnv	~1		3	3	0	0	NA	NA	0	0	0	0
Satisf	~1		3	3	0	0	NA	NA	0	0	0	0
DevAdj	~1		3	3	0	0	NA	NA	0	0	0	0
EmoDiss	~1		3	3	0	0	NA	NA	0	0	0	0
QualEngag	~1		3	3	0	0	NA	NA	0	0	0	0
