lhs	op	rhs	block	group	label	est	se	z	pvalue	std.lv	std.all	std.nox
Belong	=~	sbvalued	1	1		1	0	NA	NA	0.669776119976558	0.863801746140495	0.863801746140495
Belong	=~	sbmyself	1	1		0.96961084712528	0.019083903418727	50.8077842279269	0	0.649422191074754	0.84167902572282	0.84167902572282
Belong	=~	sbcommunity	1	1		1.01794379899912	0.0185465434777674	54.8859036843915	0	0.681794448047829	0.884561156902448	0.884561156902448
Gains	=~	pganalyze	1	1		1	0	NA	NA	0.521388948748199	0.731054907652826	0.731054907652826
Gains	=~	pgthink	1	1		0.992971607899948	0.0284759077371306	34.8705866399891	0	0.517724422779763	0.792873184679305	0.792873184679305
Gains	=~	pgwork	1	1		0.979405821583066	0.0268400143396563	36.4905103696605	0	0.510651371713061	0.744339235196967	0.744339235196967
Gains	=~	pgvalues	1	1		0.975507439329122	0.0293648268157644	33.2202687742543	0	0.508618798287859	0.701586258063328	0.701586258063328
Gains	=~	pgprobsolve	1	1		0.97185859954685	0.0283795700005304	34.2450079239638	0	0.506716333549629	0.745363502193853	0.745363502193853
SupportEnv	=~	SEacademic	1	1		1	0	NA	NA	0.612686612684202	0.835173498727196	0.835173498727196
SupportEnv	=~	SEwellness	1	1		1.02396644272714	0.0218581793106245	46.8459164954067	0	0.627370531296783	0.817885717783344	0.817885717783344
SupportEnv	=~	SEnonacad	1	1		0.996305638053629	0.0219096234480889	45.4734258858535	0	0.61042312657725	0.777704444598432	0.777704444598432
SupportEnv	=~	SEactivities	1	1		0.984165379419413	0.0228752101610434	43.0232278737903	0	0.602984952637542	0.747218362317073	0.747218362317073
SupportEnv	=~	SEdiverse	1	1		0.995451899465541	0.0210165011158451	47.3652533301574	0	0.609900052373597	0.78545153569861	0.78545153569861
Satisf	=~	sameinst	1	1		1	0	NA	NA	0.567995223905025	0.853071371408387	0.853071371408387
Satisf	=~	evalexp	1	1		1.01770425131626	0.0405195028398314	25.1164051873766	0	0.578051154095477	0.873864257623052	0.873864257623052
DevAdj	=~	Belong	1	1		1	0	NA	NA	0.425022942484252	0.425022942484252	0.425022942484252
DevAdj	=~	Gains	1	1		0.43680127401213	0.0474180338204799	9.21171206013766	0	0.238486668918479	0.238486668918479	0.238486668918479
DevAdj	=~	SupportEnv	1	1		0.941352688947828	0.0653033473230998	14.4150756053946	0	0.437377068452285	0.437377068452285	0.437377068452285
DevAdj	=~	Satisf	1	1		0.929780900322397	0.0641730188557223	14.4886576461797	0	0.465991472838993	0.465991472838993	0.465991472838993
EmoDiss	=~	MHWdacad	1	1		1	0	NA	NA	1.01509307696523	0.902911939778614	0.902911939778614
EmoDiss	=~	MHWdlonely	1	1		1.01115669532067	0.0142362937554319	71.026681009224	0	1.02641816114705	0.929926349454943	0.929926349454943
EmoDiss	=~	MHWdmental	1	1		1.01053652545754	0.0131449438713819	76.876442786309	0	1.02578863101244	0.943887452142448	0.943887452142448
EmoDiss	=~	MHWdexhaust	1	1		1.01621632416413	0.0134253390975499	75.6939036533968	0	1.03155415535806	0.938924277506108	0.938924277506108
EmoDiss	=~	MHWdsleep	1	1		1.0037985496406	0.0140942926112904	71.2202149710227	0	1.01894895840791	0.92283157179067	0.92283157179067
EmoDiss	=~	MHWdfinancial	1	1		1.00925471256183	0.0165298238031929	61.0565922890774	0	1.02448747161605	0.866021630776316	0.866021630776316
QualEngag	=~	QIadmin	1	1		1	0	NA	NA	1.01344182906394	0.897878179871586	0.897878179871586
QualEngag	=~	QIstudent	1	1		0.977296562020993	0.014131724312124	69.1562147998133	0	0.990433215352456	0.901689019774151	0.901689019774151
QualEngag	=~	QIadvisor	1	1		0.993405828019797	0.0135491122571696	73.3188868144573	0	1.00675901935116	0.922518633980665	0.922518633980665
QualEngag	=~	QIfaculty	1	1		0.995117665867142	0.013212092726913	75.318701316718	0	1.00849386743024	0.937273948799026	0.937273948799026
QualEngag	=~	QIstaff	1	1		0.969294645081528	0.0138028518431065	70.2242301880257	0	0.982323738013307	0.913881349136313	0.913881349136313
EmoDiss	~	x_FASt	1	1	W4__a1_g1	0.194075779788545	0.0781394853174512	2.48370947159543	0.0130021838638346	0.191190132405162	0.0955388375818728	0.191190132405162
EmoDiss	~	credit_dose_c	1	1	W4__a1c_g1	-0.119701482467424	0.0585039668669488	-2.04604044610602	0.040752391478863	-0.117921681453379	-0.217087954252875	-0.117921681453379
EmoDiss	~	XZ_c	1	1	W4__a1z_g1	0.173719245976537	0.0628712709934422	2.7630942278017	0.00572562345175176	0.171136273036061	0.267851807093022	0.171136273036061
EmoDiss	~	cohort	1	1	W4__g1_g1	0.0496141365302166	0.0438382072761814	1.13175559889223	0.257737199508504	0.0488764406497042	0.0244284767022092	0.0488764406497042
EmoDiss	~	hgrades_c	1	1		-0.063340243196713	0.0226598585124771	-2.79526207817388	0.00518576568525675	-0.0623984584606547	-0.0604165700019568	-0.0623984584606547
EmoDiss	~	bparented_c	1	1		-0.0383316441240239	0.0225974146947941	-1.69628449279441	0.0898320157950563	-0.0377617038219018	-0.036948885999022	-0.0377617038219018
EmoDiss	~	hapcl_c	1	1		-0.0326720228064742	0.0514258136301447	-0.635323400840129	0.525217514595515	-0.0321862335069332	-0.014208148699786	-0.0321862335069332
EmoDiss	~	hprecalc13_c	1	1		-0.0447040066916682	0.046853996449868	-0.95411299096972	0.340026450916857	-0.0440393178774478	-0.0211191034139122	-0.0440393178774478
EmoDiss	~	hchallenge_c	1	1		-0.0232220804695232	0.0179417727691667	-1.29430245095015	0.195560970224965	-0.0228767991787995	-0.028123078199717	-0.0228767991787995
EmoDiss	~	cSFcareer_c	1	1		0.028763485936142	0.0266005625857816	1.08131118818955	0.279558712285985	0.0283358113544964	0.0231594802956094	0.0283358113544964
EmoDiss	~	hacadpr13_c	1	1		-0.00300334175765257	0.00281183697433571	-1.06810664525176	0.285472408648021	-0.00295868608091733	-0.0233595290158273	-0.00295868608091733
EmoDiss	~	tcare_c	1	1		0.00413888176145325	0.00391106796057601	1.05824848945956	0.289942169994188	0.00407734212297758	0.0233567022878858	0.00407734212297758
EmoDiss	~	StemMaj_c	1	1		0.0313278065982936	0.0514755062968751	0.608596376257409	0.542792007005087	0.0308620039966707	0.0133395253978458	0.0308620039966707
QualEngag	~	x_FASt	1	1	W4__a2_g1	-0.065636365271689	0.0783497615554464	-0.837735354500596	0.40217935263159	-0.0647657945323943	-0.0323638497805878	-0.0647657945323943
QualEngag	~	credit_dose_c	1	1	W4__a2c_g1	0.0372903651805788	0.0635779578673251	0.586529772761757	0.557519560117874	0.0367957628263892	0.0677391704282378	0.0367957628263892
QualEngag	~	XZ_c	1	1	W4__a2z_g1	-0.063280037487774	0.0672649535511646	-0.940757915481803	0.346828932038935	-0.0624407200028661	-0.0977283155245115	-0.0624407200028661
QualEngag	~	cohort	1	1	W4__g2_g1	0.0941048219553042	0.042591740279262	2.20946177212496	0.0271425385411166	0.0928566586226499	0.0464098181384681	0.0928566586226499
QualEngag	~	hgrades_c	1	1		0.0925426260016275	0.0227381759422891	4.06992303325061	4.70286719373991e-05	0.0913151829218496	0.0884148467340443	0.0913151829218496
QualEngag	~	bparented_c	1	1		-0.000654651802940227	0.0213361879231007	-0.030682697644945	0.975522589945162	-0.000645968800740041	-0.000632064371089775	-0.000645968800740041
QualEngag	~	hapcl_c	1	1		0.109094397267628	0.0497755147338661	2.19172815893358	0.0283991412102722	0.10764741906143	0.0475194010148317	0.10764741906143
QualEngag	~	hprecalc13_c	1	1		0.171856436208227	0.045628082328205	3.76646195586428	0.00016557730104938	0.169577011013016	0.081320842483802	0.169577011013016
QualEngag	~	hchallenge_c	1	1		-0.0103835459074266	0.018142161327271	-0.572343378504646	0.567089367318211	-0.0102458233019821	-0.0125954722813301	-0.0102458233019821
QualEngag	~	cSFcareer_c	1	1		-0.0354600540379376	0.0260322831236044	-1.36215689840069	0.173148374938781	-0.0349897280939055	-0.0285978724308152	-0.0349897280939055
QualEngag	~	hacadpr13_c	1	1		-0.00065483780651147	0.00259126362203697	-0.252709836599607	0.800492446054428	-0.000646152337244957	-0.00510152610236988	-0.000646152337244957
QualEngag	~	tcare_c	1	1		-0.00420438670472891	0.00376495340026762	-1.11671679772452	0.264115433308503	-0.00414862164176928	-0.0237650208565581	-0.00414862164176928
QualEngag	~	StemMaj_c	1	1		-0.0643462769604062	0.0507990669184624	-1.26668226138264	0.205268925226958	-0.0634928173626297	-0.027443585642752	-0.0634928173626297
DevAdj	~	x_FASt	1	1	W4__c_g1	0.0052450691936147	0.0292975279344687	0.179027705182042	0.857915947530504	0.0184250718007261	0.00920711712502787	0.0184250718007261
DevAdj	~	credit_dose_c	1	1	W4__cc_g1	0.0070642323236497	0.0233234440106376	0.302881183431906	0.761980411672064	0.0248154948916042	0.0456840926400872	0.0248154948916042
DevAdj	~	XZ_c	1	1	W4__cz_g1	-0.0025997451194129	0.0247057092508823	-0.105228515927753	0.916194483892133	-0.00913248018674064	-0.014293587664751	-0.00913248018674064
DevAdj	~	EmoDiss	1	1	W4__b1_g1	-0.191997317488732	0.0122073259956112	-15.7280404863242	0	-0.684634836811569	-0.684634836811569	-0.684634836811569
DevAdj	~	QualEngag	1	1	W4__b2_g1	0.147342696437622	0.0100676440551368	14.63527073769	0	0.524548205933627	0.524548205933627	0.524548205933627
DevAdj	~	cohort	1	1	W4__g3_g1	0.0147806582841039	0.0158155958465054	0.934562214889283	0.350013959318218	0.0519220395563415	0.025950669008893	0.0519220395563415
DevAdj	~	hgrades_c	1	1		0.0176956104280141	0.00830819355060474	2.12989867414994	0.0331799796370054	0.062161790561459	0.0601874191054168	0.062161790561459
DevAdj	~	bparented_c	1	1		-0.00694047229238418	0.00796785235533194	-0.871059349856018	0.383721748114276	-0.0243807461060393	-0.0238559523874201	-0.0243807461060393
DevAdj	~	hapcl_c	1	1		0.0202459625142207	0.0174342427394461	1.16127570418719	0.245529796612853	0.0711207610861365	0.0313952345165243	0.0711207610861365
DevAdj	~	hprecalc13_c	1	1		-0.0127730620938028	0.0164865735101125	-0.774755414517648	0.438484199514309	-0.0448696818871249	-0.0215173053897094	-0.0448696818871249
DevAdj	~	hchallenge_c	1	1		-0.00924019502780769	0.00627994875337348	-1.47138064189521	0.141188205598338	-0.0324592966375603	-0.0399031057846538	-0.0324592966375603
DevAdj	~	cSFcareer_c	1	1		0.000168759800132487	0.00983759061009641	0.01715458660775	0.986313291489082	0.000592825627220063	0.000484529391467616	0.000592825627220063
DevAdj	~	hacadpr13_c	1	1		-0.00178890873859425	0.000975570009870336	-1.83370616203343	0.066697623434709	-0.0062841443528851	-0.0496148115535642	-0.0062841443528851
DevAdj	~	tcare_c	1	1		-0.00187920310527344	0.00138646013683214	-1.35539641952285	0.175291289789314	-0.00660133372214842	-0.0378151702262856	-0.00660133372214842
DevAdj	~	StemMaj_c	1	1		0.00692798221717158	0.0186218750244467	0.372034621007634	0.709867072653066	0.0243368705108672	0.0105191581959104	0.0243368705108672
sbvalued	~~	sbvalued	1	1		0.152616826015041	0.0074421110064595	20.5071955904144	0	0.152616826015041	0.253846543364632	0.253846543364632
sbmyself	~~	sbmyself	1	1		0.173585576170814	0.00745515891223744	23.2839538652729	0	0.173585576170814	0.291576417658284	0.291576417658284
sbcommunity	~~	sbcommunity	1	1		0.129244893443823	0.00704957865180479	18.3337047258469	0	0.129244893443823	0.217551559699402	0.217551559699402
pganalyze	~~	pganalyze	1	1		0.23680895259248	0.00815216576706226	29.0485938778717	0	0.23680895259248	0.465558721996718	0.465558721996718
pgthink	~~	pgthink	1	1		0.158334569080557	0.00625575055268736	25.3102433907853	0	0.158334569080557	0.371352113016496	0.371352113016496
pgwork	~~	pgwork	1	1		0.209895058932175	0.00811991342715786	25.8494207869458	0	0.209895058932175	0.445959102946394	0.445959102946394
pgvalues	~~	pgvalues	1	1		0.266867357355568	0.00939948085282973	28.3917124290143	0	0.266867357355568	0.507776722496697	0.507776722496697
pgprobsolve	~~	pgprobsolve	1	1		0.205399841263921	0.00759105338108848	27.0581473943566	0	0.205399841263921	0.444433249597314	0.444433249597314
SEacademic	~~	SEacademic	1	1		0.162789931725248	0.0064445932311967	25.2599234560254	0	0.162789931725248	0.302485227023775	0.302485227023775
SEwellness	~~	SEwellness	1	1		0.194793098449503	0.00788918409816918	24.6911589367914	0	0.194793098449503	0.331062952646025	0.331062952646025
SEnonacad	~~	SEnonacad	1	1		0.243457486389121	0.00859838735222028	28.314319466691	0	0.243457486389121	0.395175796851845	0.395175796851845
SEactivities	~~	SEactivities	1	1		0.287614373377113	0.00924482253819173	31.1108593149231	0	0.287614373377113	0.441664719016192	0.441664719016192
SEdiverse	~~	SEdiverse	1	1		0.230968115800979	0.00812711911125412	28.419432844431	0	0.230968115800979	0.383065885068696	0.383065885068696
sameinst	~~	sameinst	1	1		0.120702760956633	0.0124088406012723	9.72715863110181	0	0.120702760956633	0.272269235283414	0.272269235283414
evalexp	~~	evalexp	1	1		0.103423894516135	0.0126884833415448	8.15100526455382	4.44089209850063e-16	0.103423894516135	0.236361259248912	0.236361259248912
MHWdacad	~~	MHWdacad	1	1		0.233509984457127	0.00851978842071052	27.407955799641	0	0.233509984457127	0.184750029005221	0.184750029005221
MHWdlonely	~~	MHWdlonely	1	1		0.164758195537408	0.00649001616622491	25.3864075708834	0	0.164758195537408	0.135236984589403	0.135236984589403
MHWdmental	~~	MHWdmental	1	1		0.128826866253087	0.00526384289468566	24.4739193077266	0	0.128826866253087	0.109076477688037	0.109076477688037
MHWdexhaust	~~	MHWdexhaust	1	1		0.142939543277735	0.00586047368414616	24.390441964515	0	0.142939543277735	0.118421201109633	0.118421201109633
MHWdsleep	~~	MHWdsleep	1	1		0.18090095935619	0.00682555438742232	26.5034822210987	0	0.18090095935619	0.148381890106361	0.148381890106361
MHWdfinancial	~~	MHWdfinancial	1	1		0.349870387047926	0.0116145532521174	30.123447665466	0	0.349870387047926	0.25000653502753	0.25000653502753
QIadmin	~~	QIadmin	1	1		0.246916262957003	0.00886729362153972	27.8457298805595	0	0.246916262957003	0.193814774110488	0.193814774110488
QIstudent	~~	QIstudent	1	1		0.225568450359166	0.00858843515871315	26.2642083442083	0	0.225568450359166	0.186956911618731	0.186956911618731
QIadvisor	~~	QIadvisor	1	1		0.17740611701481	0.00719321278212485	24.6629875117367	0	0.17740611701481	0.148959369958448	0.148959369958448
QIfaculty	~~	QIfaculty	1	1		0.140686497490981	0.00585907124378989	24.0117403658637	0	0.140686497490981	0.12151754490268	0.12151754490268
QIstaff	~~	QIstaff	1	1		0.190432854530578	0.00770332224614083	24.720873468065	0	0.190432854530578	0.164820879700792	0.164820879700792
Belong	~~	Belong	1	1		0.367562918262906	0.0147324928837426	24.9491325849215	0	0.819355498362029	0.819355498362029	0.819355498362029
Gains	~~	Gains	1	1		0.256384927552628	0.012557016187859	20.4176632184737	0	0.943124108748168	0.943124108748168	0.943124108748168
SupportEnv	~~	SupportEnv	1	1		0.303574244789986	0.0127735200903224	23.7659034192136	0	0.808701299992085	0.808701299992085	0.808701299992085
Satisf	~~	Satisf	1	1		0.252562579168764	0.0147496948851054	17.1232409304824	0	0.782851947241347	0.782851947241347	0.782851947241347
DevAdj	~~	DevAdj	1	1		0.0188138507924631	0.00506275548575677	3.71612866657156	0.000202298592451466	0.232163332812381	0.232163332812381	0.232163332812381
EmoDiss	~~	EmoDiss	1	1		1.00601056804895	0.0351701595981407	28.6040944807692	0	0.976316909589905	0.976316909589905	0.976316909589905
QualEngag	~~	QualEngag	1	1		1.00125397264163	0.0359042564897978	27.8867764028516	0	0.97486976499222	0.97486976499222	0.97486976499222
x_FASt	~~	x_FASt	1	1		0.249705988571269	0	NA	NA	0.249705988571269	1	0.249705988571269
x_FASt	~~	credit_dose_c	1	1		0.694062514274304	0	NA	NA	0.694062514274304	0.754470124624682	0.694062514274304
x_FASt	~~	XZ_c	1	1		0.512251000082704	0	NA	NA	0.512251000082704	0.654961579993625	0.512251000082704
x_FASt	~~	cohort	1	1		-0.00452673702647194	0	NA	NA	-0.00452673702647194	-0.0181248312532504	-0.00452673702647194
x_FASt	~~	hgrades_c	1	1		0.0059533140360319	0	NA	NA	0.0059533140360319	0.0123044472321922	0.0059533140360319
x_FASt	~~	bparented_c	1	1		-0.000161351462866041	0	NA	NA	-0.000161351462866041	-0.000329995988699073	-0.000161351462866041
x_FASt	~~	hapcl_c	1	1		-0.00297798885794068	0	NA	NA	-0.00297798885794068	-0.0135002326743791	-0.00297798885794068
x_FASt	~~	hprecalc13_c	1	1		-0.00202722871705028	0	NA	NA	-0.00202722871705028	-0.00845966912978712	-0.00202722871705028
x_FASt	~~	hchallenge_c	1	1		0.00618373026083513	0	NA	NA	0.00618373026083513	0.0100662674142708	0.00618373026083513
x_FASt	~~	cSFcareer_c	1	1		-0.0103135058403463	0	NA	NA	-0.0103135058403463	-0.0252521687533189	-0.0103135058403463
x_FASt	~~	hacadpr13_c	1	1		-0.10048687155876	0	NA	NA	-0.10048687155876	-0.0254700415319288	-0.10048687155876
x_FASt	~~	tcare_c	1	1		0.0355051728841987	0	NA	NA	0.0355051728841987	0.0124034580316302	0.0355051728841987
x_FASt	~~	StemMaj_c	1	1		0.00169503917095537	0	NA	NA	0.00169503917095537	0.00784781948346922	0.00169503917095537
credit_dose_c	~~	credit_dose_c	1	1		3.38909798848514	0	NA	NA	3.38909798848514	1	3.38909798848514
credit_dose_c	~~	XZ_c	1	1		2.82262670137808	0	NA	NA	2.82262670137808	0.97962277132996	2.82262670137808
credit_dose_c	~~	cohort	1	1		-0.0337651273284801	0	NA	NA	-0.0337651273284801	-0.036696911471154	-0.0337651273284801
credit_dose_c	~~	hgrades_c	1	1		0.244578516597274	0	NA	NA	0.244578516597274	0.13721261422896	0.244578516597274
credit_dose_c	~~	bparented_c	1	1		-0.0179181172332078	0	NA	NA	-0.0179181172332078	-0.00994719297761672	-0.0179181172332078
credit_dose_c	~~	hapcl_c	1	1		0.0628436269512136	0	NA	NA	0.0628436269512136	0.0773306824842888	0.0628436269512136
credit_dose_c	~~	hprecalc13_c	1	1		0.000590757937891196	0	NA	NA	0.000590757937891196	0.000669164063569701	0.000590757937891196
credit_dose_c	~~	hchallenge_c	1	1		0.0664955704478828	0	NA	NA	0.0664955704478828	0.029382115292913	0.0664955704478828
credit_dose_c	~~	cSFcareer_c	1	1		-0.0431446530201814	0	NA	NA	-0.0431446530201814	-0.0286742297609109	-0.0431446530201814
credit_dose_c	~~	hacadpr13_c	1	1		-0.28309634205503	0	NA	NA	-0.28309634205503	-0.0194772214205992	-0.28309634205503
credit_dose_c	~~	tcare_c	1	1		0.158048844784007	0	NA	NA	0.158048844784007	0.0149870063653195	0.158048844784007
credit_dose_c	~~	StemMaj_c	1	1		-0.00105796989616778	0	NA	NA	-0.00105796989616778	-0.00132958158796807	-0.00105796989616778
XZ_c	~~	XZ_c	1	1		2.44965555036935	0	NA	NA	2.44965555036935	1	2.44965555036935
XZ_c	~~	cohort	1	1		-0.028288511234133	0	NA	NA	-0.028288511234133	-0.0361626931551801	-0.028288511234133
XZ_c	~~	hgrades_c	1	1		0.239488481220931	0	NA	NA	0.239488481220931	0.15803377482636	0.239488481220931
XZ_c	~~	bparented_c	1	1		-0.0163075869734957	0	NA	NA	-0.0163075869734957	-0.0106484752311527	-0.0163075869734957
XZ_c	~~	hapcl_c	1	1		0.0628695434600141	0	NA	NA	0.0628695434600141	0.0909956139862673	0.0628695434600141
XZ_c	~~	hprecalc13_c	1	1		-0.00114121571907838	0	NA	NA	-0.00114121571907838	-0.00152047870081118	-0.00114121571907838
XZ_c	~~	hchallenge_c	1	1		0.0634313873564082	0	NA	NA	0.0634313873564082	0.0329673549973071	0.0634313873564082
XZ_c	~~	cSFcareer_c	1	1		-0.0297401696491166	0	NA	NA	-0.0297401696491166	-0.0232486518356095	-0.0297401696491166
XZ_c	~~	hacadpr13_c	1	1		-0.253171211088851	0	NA	NA	-0.253171211088851	-0.0204878607963129	-0.253171211088851
XZ_c	~~	tcare_c	1	1		0.118683415559565	0	NA	NA	0.118683415559565	0.0132374140761614	0.118683415559565
XZ_c	~~	StemMaj_c	1	1		-0.001497744218939	0	NA	NA	-0.001497744218939	-0.00221395549247816	-0.001497744218939
cohort	~~	cohort	1	1		0.24980068760938	0	NA	NA	0.24980068760938	1	0.24980068760938
cohort	~~	hgrades_c	1	1		-0.00455885866044661	0	NA	NA	-0.00455885866044661	-0.00942056841986696	-0.00455885866044661
cohort	~~	bparented_c	1	1		-0.000483558298086129	0	NA	NA	-0.000483558298086129	-0.00098878588497969	-0.000483558298086129
cohort	~~	hapcl_c	1	1		-0.00686305505310659	0	NA	NA	-0.00686305505310659	-0.0311066563902858	-0.00686305505310659
cohort	~~	hprecalc13_c	1	1		0.00838153500587421	0	NA	NA	0.00838153500587421	0.0349696958666274	0.00838153500587421
cohort	~~	hchallenge_c	1	1		0.00572453157207579	0	NA	NA	0.00572453157207579	0.00931698820152631	0.00572453157207579
cohort	~~	cSFcareer_c	1	1		-0.00930434313678195	0	NA	NA	-0.00930434313678195	-0.0227769593523694	-0.00930434313678195
cohort	~~	hacadpr13_c	1	1		-0.0599324896322403	0	NA	NA	-0.0599324896322403	-0.0151879902849032	-0.0599324896322403
cohort	~~	tcare_c	1	1		-0.0457295367172029	0	NA	NA	-0.0457295367172029	-0.0159722322153137	-0.0457295367172029
cohort	~~	StemMaj_c	1	1		-0.00454397079371253	0	NA	NA	-0.00454397079371253	-0.0210340286663408	-0.00454397079371253
hgrades_c	~~	hgrades_c	1	1		0.937485177778137	0	NA	NA	0.937485177778137	1	0.937485177778137
hgrades_c	~~	bparented_c	1	1		0.01051414431887	0	NA	NA	0.01051414431887	0.0110979294964723	0.01051414431887
hgrades_c	~~	hapcl_c	1	1		0.0324824080556938	0	NA	NA	0.0324824080556938	0.0759973898931222	0.0324824080556938
hgrades_c	~~	hprecalc13_c	1	1		0.0320230974943246	0	NA	NA	0.0320230974943246	0.0689677788283787	0.0320230974943246
hgrades_c	~~	hchallenge_c	1	1		0.0358621915790101	0	NA	NA	0.0358621915790101	0.0301291601990512	0.0358621915790101
hgrades_c	~~	cSFcareer_c	1	1		-0.00406434345452075	0	NA	NA	-0.00406434345452075	-0.00513588201940625	-0.00406434345452075
hgrades_c	~~	hacadpr13_c	1	1		0.142295240502462	0	NA	NA	0.142295240502462	0.0186141399797663	0.142295240502462
hgrades_c	~~	tcare_c	1	1		-0.0595059847714472	0	NA	NA	-0.0595059847714472	-0.010728625123779	-0.0595059847714472
hgrades_c	~~	StemMaj_c	1	1		0.0078047006181063	0	NA	NA	0.0078047006181063	0.0186490961668289	0.0078047006181063
bparented_c	~~	bparented_c	1	1		0.957413473420231	0	NA	NA	0.957413473420231	1	0.957413473420231
bparented_c	~~	hapcl_c	1	1		-0.000864977031038738	0	NA	NA	-0.000864977031038738	-0.00200256892062781	-0.000864977031038738
bparented_c	~~	hprecalc13_c	1	1		-0.0158686927907918	0	NA	NA	-0.0158686927907918	-0.033818667502307	-0.0158686927907918
bparented_c	~~	hchallenge_c	1	1		-0.0124919287930451	0	NA	NA	-0.0124919287930451	-0.0103851347945446	-0.0124919287930451
bparented_c	~~	cSFcareer_c	1	1		0.0059860549513079	0	NA	NA	0.0059860549513079	0.00748510289656632	0.0059860549513079
bparented_c	~~	hacadpr13_c	1	1		0.106847583764529	0	NA	NA	0.106847583764529	0.0138308778114807	0.106847583764529
bparented_c	~~	tcare_c	1	1		0.102305409793086	0	NA	NA	0.102305409793086	0.0182521681313197	0.102305409793086
bparented_c	~~	StemMaj_c	1	1		-0.00329764166166821	0	NA	NA	-0.00329764166166821	-0.00779717782001676	-0.00329764166166821
hapcl_c	~~	hapcl_c	1	1		0.194865372486917	0	NA	NA	0.194865372486917	1	0.194865372486917
hapcl_c	~~	hprecalc13_c	1	1		0.00845181426686416	0	NA	NA	0.00845181426686416	0.0399252565438301	0.00845181426686416
hapcl_c	~~	hchallenge_c	1	1		0.0146128037985905	0	NA	NA	0.0146128037985905	0.0269276604619963	0.0146128037985905
hapcl_c	~~	cSFcareer_c	1	1		0.00376943544862043	0	NA	NA	0.00376943544862043	0.0104475826981779	0.00376943544862043
hapcl_c	~~	hacadpr13_c	1	1		0.0121112593147789	0	NA	NA	0.0121112593147789	0.00347501571892356	0.0121112593147789
hapcl_c	~~	tcare_c	1	1		-0.048976912694343	0	NA	NA	-0.048976912694343	-0.0193682194986387	-0.048976912694343
hapcl_c	~~	StemMaj_c	1	1		-0.00562132480216708	0	NA	NA	-0.00562132480216708	-0.0294615158697297	-0.00562132480216708
hprecalc13_c	~~	hprecalc13_c	1	1		0.229969259308628	0	NA	NA	0.229969259308628	1	0.229969259308628
hprecalc13_c	~~	hchallenge_c	1	1		-0.00472038430988409	0	NA	NA	-0.00472038430988409	-0.00800709295415722	-0.00472038430988409
hprecalc13_c	~~	cSFcareer_c	1	1		0.0129903680565385	0	NA	NA	0.0129903680565385	0.0331431212741977	0.0129903680565385
hprecalc13_c	~~	hacadpr13_c	1	1		0.142999182168074	0	NA	NA	0.142999182168074	0.0377688243871014	0.142999182168074
hprecalc13_c	~~	tcare_c	1	1		-0.0975714121163275	0	NA	NA	-0.0975714121163275	-0.0355183944508983	-0.0975714121163275
hprecalc13_c	~~	StemMaj_c	1	1		-0.00296591824878309	0	NA	NA	-0.00296591824878309	-0.0143089586238951	-0.00296591824878309
hchallenge_c	~~	hchallenge_c	1	1		1.51124608691344	0	NA	NA	1.51124608691344	1	1.51124608691344
hchallenge_c	~~	cSFcareer_c	1	1		-0.0112227522992249	0	NA	NA	-0.0112227522992249	-0.0111696258551549	-0.0112227522992249
hchallenge_c	~~	hacadpr13_c	1	1		-0.00139353719508782	0	NA	NA	-0.00139353719508782	-0.000143577298264214	-0.00139353719508782
hchallenge_c	~~	tcare_c	1	1		0.348341547931857	0	NA	NA	0.348341547931857	0.0494656034428322	0.348341547931857
hchallenge_c	~~	StemMaj_c	1	1		0.00718210596208578	0	NA	NA	0.00718210596208578	0.0135166154587623	0.00718210596208578
cSFcareer_c	~~	cSFcareer_c	1	1		0.668015152906084	0	NA	NA	0.668015152906084	1	0.668015152906084
cSFcareer_c	~~	hacadpr13_c	1	1		0.086440403385608	0	NA	NA	0.086440403385608	0.013395484754845	0.086440403385608
cSFcareer_c	~~	tcare_c	1	1		-0.0640090017594013	0	NA	NA	-0.0640090017594013	-0.0136714168726558	-0.0640090017594013
cSFcareer_c	~~	StemMaj_c	1	1		0.00639995239408632	0	NA	NA	0.00639995239408632	0.0181162093813082	0.00639995239408632
hacadpr13_c	~~	hacadpr13_c	1	1		62.3347736819299	0	NA	NA	62.3347736819299	1	62.3347736819299
hacadpr13_c	~~	tcare_c	1	1		-2.3257305293829	0	NA	NA	-2.3257305293829	-0.0514232864774154	-2.3257305293829
hacadpr13_c	~~	StemMaj_c	1	1		0.0297048139042645	0	NA	NA	0.0297048139042645	0.00870453122124314	0.0297048139042645
tcare_c	~~	tcare_c	1	1		32.8147229873765	0	NA	NA	32.8147229873765	1	32.8147229873765
tcare_c	~~	StemMaj_c	1	1		-0.0078535687024008	0	NA	NA	-0.0078535687024008	-0.00317187760767928	-0.0078535687024008
StemMaj_c	~~	StemMaj_c	1	1		0.186823932826606	0	NA	NA	0.186823932826606	1	0.186823932826606
sbvalued	~1		1	1		2.72606172373572	0.0278164206029929	98.0018875412897	0	2.72606172373572	3.51576714489627	3.51576714489627
sbmyself	~1		1	1		2.73036531625053	0.0268374157921991	101.73726626258	0	2.73036531625053	3.53867060724538	3.53867060724538
sbcommunity	~1		1	1		2.72895278007901	0.0278956923005137	97.827031882939	0	2.72895278007901	3.54054749960284	3.54054749960284
pganalyze	~1		1	1		2.96851241702917	0.0179713781687166	165.180009521838	0	2.96851241702917	4.16223929584204	4.16223929584204
pgthink	~1		1	1		2.97285342870828	0.0168060798590077	176.891544824767	0	2.97285342870828	4.55280002621669	4.55280002621669
pgwork	~1		1	1		2.96445578929727	0.0174622330654693	169.763842813399	0	2.96445578929727	4.32107084639467	4.32107084639467
pgvalues	~1		1	1		2.95554779512587	0.018164268472013	162.712184070594	0	2.95554779512587	4.07686802982873	4.07686802982873
pgprobsolve	~1		1	1		2.94963552408033	0.0173603339256458	169.906612206516	0	2.94963552408033	4.33881941208154	4.33881941208154
SEacademic	~1		1	1		2.76557500912754	0.025932160265338	106.646533911181	0	2.76557500912754	3.76984727354579	3.76984727354579
SEwellness	~1		1	1		2.75114823838344	0.0266945349323891	103.060354688757	0	2.75114823838344	3.58659634048732	3.58659634048732
SEnonacad	~1		1	1		2.76083067756535	0.026289576189424	105.016172861547	0	2.76083067756535	3.51741307831094	3.51741307831094
SEactivities	~1		1	1		2.73448508794026	0.026522308221605	103.101323802306	0	2.73448508794026	3.38857124088036	3.38857124088036
SEdiverse	~1		1	1		2.75165020166729	0.0262775734395014	104.714775433979	0	2.75165020166729	3.5436755058369	3.5436755058369
sameinst	~1		1	1		2.91553452225757	0.0250012054647749	116.615757842771	0	2.91553452225757	4.37883793492362	4.37883793492362
evalexp	~1		1	1		2.92148912582615	0.0254620807862437	114.738820850986	0	2.92148912582615	4.41653806588925	4.41653806588925
MHWdacad	~1		1	1		3.72586673046722	0.0531973781213136	70.0385406583496	0	3.72586673046722	3.31410944799301	3.31410944799301
MHWdlonely	~1		1	1		3.72236194419717	0.0534136217199832	69.6893755624991	0	3.72236194419717	3.37242907924479	3.37242907924479
MHWdmental	~1		1	1		3.73104519471676	0.053348410442754	69.9373264123848	0	3.73104519471676	3.43315049143572	3.43315049143572
MHWdexhaust	~1		1	1		3.72944501159515	0.0538546518949506	69.2501925157707	0	3.72944501159515	3.39455417325646	3.39455417325646
MHWdsleep	~1		1	1		3.7511587557101	0.0537499035871497	69.7891252889039	0	3.7511587557101	3.39731220293617	3.39731220293617
MHWdfinancial	~1		1	1		3.69836211716542	0.0542097198384942	68.2232287527746	0	3.69836211716542	3.12630625619724	3.12630625619724
QIadmin	~1		1	1		4.79369960320691	0.0555594594019285	86.2805299909112	0	4.79369960320691	4.24706988713311	4.24706988713311
QIstudent	~1		1	1		4.79853884751738	0.0540369604629596	88.8010503626791	0	4.79853884751738	4.36858308333934	4.36858308333934
QIadvisor	~1		1	1		4.79777918468583	0.0550248626786467	87.1929333600625	0	4.79777918468583	4.39632584811582	4.39632584811582
QIfaculty	~1		1	1		4.78907666822695	0.0549547412931245	87.145832289199	0	4.78907666822695	4.45087168588149	4.45087168588149
QIstaff	~1		1	1		4.77657793613838	0.0539177293816196	88.5901166633085	0	4.77657793613838	4.4437748163974	4.4437748163974
x_FASt	~1		1	1		0.482853238535192	0	NA	NA	0.482853238535192	0.966274835913646	0.482853238535192
credit_dose_c	~1		1	1		0.613997363254534	0	NA	NA	0.613997363254534	0.333521966854856	0.613997363254534
XZ_c	~1		1	1		0.990533129573824	0	NA	NA	0.990533129573824	0.632872893238083	0.990533129573824
cohort	~1		1	1		0.514117804029674	0	NA	NA	0.514117804029674	1.02864573349922	0.514117804029674
hgrades_c	~1		1	1		0.035630342755296	0	NA	NA	0.035630342755296	0.0367991506681564	0.035630342755296
bparented_c	~1		1	1		0.026339419748207	0	NA	NA	0.026339419748207	0.0269188458726163	0.026339419748207
hapcl_c	~1		1	1		0.0183923606160072	0	NA	NA	0.0183923606160072	0.0416648802063457	0.0183923606160072
hprecalc13_c	~1		1	1		0.014870000737043	0	NA	NA	0.014870000737043	0.0310081671774536	0.014870000737043
hchallenge_c	~1		1	1		0.0429530850611074	0	NA	NA	0.0429530850611074	0.034940311088092	0.0429530850611074
cSFcareer_c	~1		1	1		0.00909495487674311	0	NA	NA	0.00909495487674311	0.0111277508120037	0.00909495487674311
hacadpr13_c	~1		1	1		0.157672195400375	0	NA	NA	0.157672195400375	0.0199705451921864	0.157672195400375
tcare_c	~1		1	1		0.0240754407211989	0	NA	NA	0.0240754407211989	0.00420281114053963	0.0240754407211989
StemMaj_c	~1		1	1		0.00045150254398964	0	NA	NA	0.00045150254398964	0.00104458538827517	0.00045150254398964
Belong	~1		1	1		0	0	NA	NA	0	0	0
Gains	~1		1	1		0	0	NA	NA	0	0	0
SupportEnv	~1		1	1		0	0	NA	NA	0	0	0
Satisf	~1		1	1		0	0	NA	NA	0	0	0
DevAdj	~1		1	1		0	0	NA	NA	0	0	0
EmoDiss	~1		1	1		0	0	NA	NA	0	0	0
QualEngag	~1		1	1		0	0	NA	NA	0	0	0
Belong	=~	sbvalued	2	2		1	0	NA	NA	0.675628096014935	0.875146711197827	0.875146711197827
Belong	=~	sbmyself	2	2		0.994966889856979	0.0238884087105382	41.6506139824231	0	0.672227585391972	0.836542388361497	0.836542388361497
Belong	=~	sbcommunity	2	2		1.00272159754048	0.0228106519801526	43.9584803806984	0	0.677466883779325	0.885365344467553	0.885365344467553
Gains	=~	pganalyze	2	2		1	0	NA	NA	0.523630919585836	0.73219511201711	0.73219511201711
Gains	=~	pgthink	2	2		1.04020969420977	0.0350636651596788	29.6663138172433	0	0.544685958741163	0.79240513633187	0.79240513633187
Gains	=~	pgwork	2	2		1.02369920250342	0.036055832905175	28.3920553214149	0	0.536040554786152	0.752231039149052	0.752231039149052
Gains	=~	pgvalues	2	2		1.01830520200393	0.0372252758572617	27.3552090227234	0	0.53321608934436	0.71997011275186	0.71997011275186
Gains	=~	pgprobsolve	2	2		1.00489290735846	0.0349979182051599	28.7129337655948	0	0.526192997165394	0.780553338027027	0.780553338027027
SupportEnv	=~	SEacademic	2	2		1	0	NA	NA	0.596886249538015	0.816427828349858	0.816427828349858
SupportEnv	=~	SEwellness	2	2		1.01715481752135	0.0275325478208075	36.9437229035755	0	0.607125724229845	0.812281432021621	0.812281432021621
SupportEnv	=~	SEnonacad	2	2		1.05376495115284	0.0304616816058059	34.5931312916093	0	0.62897780958823	0.787858591003617	0.787858591003617
SupportEnv	=~	SEactivities	2	2		0.97396022211289	0.0308563625853476	31.5643238706102	0	0.581343464176175	0.735067640129836	0.735067640129836
SupportEnv	=~	SEdiverse	2	2		1.04551053250977	0.0317613431742216	32.9177052360411	0	0.624050860602251	0.799492076862964	0.799492076862964
Satisf	=~	sameinst	2	2		1	0	NA	NA	0.593680558032962	0.905216428763317	0.905216428763317
Satisf	=~	evalexp	2	2		0.907942343951574	0.0458016798982988	19.8233415448436	0	0.539027717418926	0.812614592675958	0.812614592675958
DevAdj	=~	Belong	2	2		1	0	NA	NA	0.497327905157624	0.497327905157624	0.497327905157624
DevAdj	=~	Gains	2	2		0.432443937604589	0.0588412953028795	7.34932729435388	1.99174010617753e-13	0.277494934520962	0.277494934520962	0.277494934520962
DevAdj	=~	SupportEnv	2	2		0.818449706591572	0.0656397218912286	12.4688174021795	0	0.460734732572289	0.460734732572289	0.460734732572289
DevAdj	=~	Satisf	2	2		0.830115133363632	0.0681791609118829	12.175496475184	0	0.469824904544206	0.469824904544206	0.469824904544206
EmoDiss	=~	MHWdacad	2	2		1	0	NA	NA	1.01238631276543	0.916312527989346	0.916312527989346
EmoDiss	=~	MHWdlonely	2	2		0.990179498233352	0.0155669699926971	63.6077219072093	0	1.00244417119239	0.930510951218658	0.930510951218658
EmoDiss	=~	MHWdmental	2	2		0.980933263681076	0.0148661874737731	65.9841849439635	0	0.993083409887048	0.940003964919985	0.940003964919985
EmoDiss	=~	MHWdexhaust	2	2		0.989579237385749	0.0147473558071691	67.1021470102925	0	1.00183647532619	0.935282787531044	0.935282787531044
EmoDiss	=~	MHWdsleep	2	2		0.988591146467446	0.0164472958986634	60.1066067369643	0	1.00083614560473	0.914131166458576	0.914131166458576
EmoDiss	=~	MHWdfinancial	2	2		0.988540798517114	0.0185515969252715	53.2860218179115	0	1.00078517402894	0.86821934128701	0.86821934128701
QualEngag	=~	QIadmin	2	2		1	0	NA	NA	0.951836056437739	0.877313087002269	0.877313087002269
QualEngag	=~	QIstudent	2	2		1.00949745216039	0.019620719313861	51.4505832335736	0	0.960876073848292	0.889767802459579	0.889767802459579
QualEngag	=~	QIadvisor	2	2		1.0118296501858	0.0186621034648668	54.2184139151662	0	0.963095944019633	0.91610459494788	0.91610459494788
QualEngag	=~	QIfaculty	2	2		1.01479900597775	0.0176422088328846	57.5210856866285	0	0.9659222839268	0.930080449775056	0.930080449775056
QualEngag	=~	QIstaff	2	2		1.03095760483659	0.0182162946668305	56.5953517821506	0	0.981302620942152	0.913767943504203	0.913767943504203
EmoDiss	~	x_FASt	2	2	W4__a1_g2	0.140640242684851	0.0964661497848021	1.45792325078375	0.144861699062878	0.138919541790997	0.0693724111727137	0.138919541790997
EmoDiss	~	credit_dose_c	2	2	W4__a1c_g2	0.067129072522942	0.0792532940622038	0.847019336133261	0.396984343831539	0.0663077638214727	0.118472654933346	0.0663077638214727
EmoDiss	~	XZ_c	2	2	W4__a1z_g2	-0.096896409411139	0.0846339385504477	-1.14488833995811	0.252255414661753	-0.0957109042164516	-0.144286688259162	-0.0957109042164516
EmoDiss	~	cohort	2	2	W4__g1_g2	-0.0833766140530743	0.0525259464952975	-1.5873414877072	0.112435323681933	-0.0823565204327218	-0.041171869028257	-0.0823565204327218
EmoDiss	~	hgrades_c	2	2		0.0209155486047169	0.028031065105838	0.746156042438816	0.455573158475166	0.0206596516971708	0.0197971068415536	0.0206596516971708
EmoDiss	~	bparented_c	2	2		0.00185329440754083	0.026916693987587	0.0688529731175569	0.945106651648161	0.00183061977841085	0.00180321183402167	0.00183061977841085
EmoDiss	~	hapcl_c	2	2		-0.092660558260332	0.062009062156242	-1.49430671966718	0.135095469610375	-0.0915268777263696	-0.0410866900165721	-0.0915268777263696
EmoDiss	~	hprecalc13_c	2	2		0.0535714727129096	0.0543359684603063	0.985930208496142	0.32416736185679	0.0529160381145156	0.0257148836792363	0.0529160381145156
EmoDiss	~	hchallenge_c	2	2		0.0370932520183338	0.0217695587734405	1.70390463143372	0.0883989056280774	0.0366394246451336	0.0431588580807226	0.0366394246451336
EmoDiss	~	cSFcareer_c	2	2		-0.0480316809189215	0.0328357862722434	-1.46278455221654	0.143526341370397	-0.0474440243939275	-0.0385834802843161	-0.0474440243939275
EmoDiss	~	hacadpr13_c	2	2		0.00276528782993137	0.00327182018978594	0.845183313729808	0.398008497288666	0.00273145517186785	0.0213430563182448	0.00273145517186785
EmoDiss	~	tcare_c	2	2		0.000380937425432528	0.00509728273604819	0.0747334305665493	0.940426808292414	0.000376276743995046	0.00208013215175086	0.000376276743995046
EmoDiss	~	StemMaj_c	2	2		-0.115259100033023	0.060561378214596	-1.90317828673926	0.057017285407231	-0.113848931558726	-0.0490710786911133	-0.113848931558726
QualEngag	~	x_FASt	2	2	W4__a2_g2	0.0402131619004718	0.0935103304625405	0.430039779579016	0.667166704690596	0.0422479917927991	0.0210974281953861	0.0422479917927991
QualEngag	~	credit_dose_c	2	2	W4__a2c_g2	-0.0539612176566096	0.0752750551128138	-0.716853910976732	0.473464242850833	-0.0566917141787634	-0.101291575893946	-0.0566917141787634
QualEngag	~	XZ_c	2	2	W4__a2z_g2	0.0546549815415284	0.0801669845260429	0.681764218333213	0.49538805325597	0.0574205832736318	0.0865630292210497	0.0574205832736318
QualEngag	~	cohort	2	2	W4__g2_g2	0.00443560486575335	0.0499705231607019	0.0887644272101924	0.929269129030959	0.00466005131425014	0.00232966401891638	0.00466005131425014
QualEngag	~	hgrades_c	2	2		0.0106732948800147	0.0261005727172033	0.408929527932531	0.682591378791399	0.0112133752528347	0.0107452144493414	0.0112133752528347
QualEngag	~	bparented_c	2	2		-0.0232022401308511	0.0254341276659824	-0.912248315946122	0.361638014854515	-0.024376298811043	-0.0240113381293623	-0.024376298811043
QualEngag	~	hapcl_c	2	2		-0.00645736906084949	0.054274058352393	-0.118977081443271	0.905293513149946	-0.00678411898475069	-0.00304541136643282	-0.00678411898475069
QualEngag	~	hprecalc13_c	2	2		0.157651357322073	0.0515773233650175	3.05660214676825	0.0022386119090867	0.165628688108418	0.0804883094126456	0.165628688108418
QualEngag	~	hchallenge_c	2	2		0.00340418068263958	0.0198491665036167	0.171502449839358	0.863828704288775	0.00357643594147902	0.0042128088180443	0.00357643594147902
QualEngag	~	cSFcareer_c	2	2		0.00743348803515652	0.0313410269756353	0.237180742064877	0.812516575716918	0.0078096306447735	0.0063511207967631	0.0078096306447735
QualEngag	~	hacadpr13_c	2	2		-0.00234890907203722	0.00327539098029529	-0.717138529771935	0.473288623727172	-0.00246776643535448	-0.0192826441204333	-0.00246776643535448
QualEngag	~	tcare_c	2	2		0.00193439692759124	0.0049869666156556	0.387890490687983	0.698097075598144	0.00203227952388224	0.0112348425631854	0.00203227952388224
QualEngag	~	StemMaj_c	2	2		0.0874249706585929	0.0570029038193529	1.53369328228699	0.125105127196255	0.0918487696145723	0.0395885858543496	0.0918487696145723
DevAdj	~	x_FASt	2	2	W4__c_g2	0.019418765072621	0.0392287443728089	0.495013678951216	0.620590464783958	0.0577924462839922	0.0288598802918735	0.0577924462839922
DevAdj	~	credit_dose_c	2	2	W4__cc_g2	0.0330867643537858	0.0321897662453356	1.02786594042385	0.304012892937091	0.0984699616312516	0.17593713184249	0.0984699616312516
DevAdj	~	XZ_c	2	2	W4__cz_g2	-0.0392186347940164	0.0342628919267123	-1.14463877940905	0.252358821222654	-0.11671910320705	-0.175957097012044	-0.11671910320705
DevAdj	~	EmoDiss	2	2	W4__b1_g2	-0.221271263901379	0.0165000190402041	-13.4103641554732	0	-0.66668510431664	-0.66668510431664	-0.66668510431664
DevAdj	~	QualEngag	2	2	W4__b2_g2	0.182328791060445	0.0137035817831807	13.3051923172545	0	0.516495895898976	0.516495895898976	0.516495895898976
DevAdj	~	cohort	2	2	W4__g3_g2	-0.0177440977685636	0.0212495768716703	-0.835032992690777	0.403699132419567	-0.0528084465367707	-0.0264001251263862	-0.0528084465367707
DevAdj	~	hgrades_c	2	2		0.0171138731702906	0.0113515958590424	1.50761825762658	0.131652257198471	0.0509328266862635	0.0488063703314211	0.0509328266862635
DevAdj	~	bparented_c	2	2		0.0034149712403257	0.0106997567511999	0.319163446397297	0.749602574072568	0.0101633415528655	0.0100111765301916	0.0101633415528655
DevAdj	~	hapcl_c	2	2		0.0318480709662576	0.0236678652344414	1.3456249919791	0.178423487531621	0.0947834696842433	0.0425485839171117	0.0947834696842433
DevAdj	~	hprecalc13_c	2	2		0.0224533397977836	0.021881866461767	1.02611629757521	0.304836769103126	0.0668236846836981	0.0324733925646616	0.0668236846836981
DevAdj	~	hchallenge_c	2	2		0.00832852312697783	0.00854280310268347	0.974916901030023	0.32960148183158	0.0247866289973036	0.0291970360767177	0.0247866289973036
DevAdj	~	cSFcareer_c	2	2		-0.00479766900241246	0.0138041947421386	-0.347551529953945	0.728177012884325	-0.0142784068437609	-0.0116118022445458	-0.0142784068437609
DevAdj	~	hacadpr13_c	2	2		0.00135230623664283	0.00131531326086159	1.02812484058513	0.303891107121035	0.00402461666580838	0.0314475672317022	0.00402461666580838
DevAdj	~	tcare_c	2	2		-0.00325057809506665	0.00185076891354587	-1.75633925514714	0.0790304982625174	-0.00967408891597994	-0.0534802740646958	-0.00967408891597994
DevAdj	~	StemMaj_c	2	2		-0.0067494745923132	0.0232649131786048	-0.290113895568725	0.771729105612272	-0.0200872015477132	-0.0086579701217805	-0.0200872015477132
sbvalued	~~	sbvalued	2	2		0.139536849138743	0.00900197126763377	15.5006992346713	0	0.139536849138743	0.234118233879627	0.234118233879627
sbmyself	~~	sbmyself	2	2		0.193848686139368	0.0101863941153019	19.0301576735747	0	0.193848686139368	0.300196832474443	0.300196832474443
sbcommunity	~~	sbcommunity	2	2		0.126544290304709	0.0083998740995953	15.0650222615605	0	0.126544290304709	0.21612820681585	0.21612820681585
pganalyze	~~	pganalyze	2	2		0.237253279205507	0.00963833326329091	24.6155920037672	0	0.237253279205507	0.463890317938251	0.463890317938251
pgthink	~~	pgthink	2	2		0.175812836044983	0.00874188676195809	20.1115435182785	0	0.175812836044983	0.37209409991487	0.37209409991487
pgwork	~~	pgwork	2	2		0.220460640727696	0.00969275629796648	22.7448863822098	0	0.220460640727696	0.434148463740738	0.434148463740738
pgvalues	~~	pgvalues	2	2		0.264181766493184	0.0114888585094455	22.9946052757103	0	0.264181766493184	0.481643036744073	0.481643036744073
pgprobsolve	~~	pgprobsolve	2	2		0.177569725909331	0.00818775367457641	21.6872335156709	0	0.177569725909331	0.390736486494865	0.390736486494865
SEacademic	~~	SEacademic	2	2		0.178226608089265	0.00802359348462258	22.2128162937019	0	0.178226608089265	0.333445601095935	0.333445601095935
SEwellness	~~	SEwellness	2	2		0.190054033429042	0.00831612753145936	22.8536698974469	0	0.190054033429042	0.340198875192905	0.340198875192905
SEnonacad	~~	SEnonacad	2	2		0.241731202334287	0.00977267975865055	24.7354060814602	0	0.241731202334287	0.379278840581796	0.379278840581796
SEactivities	~~	SEactivities	2	2		0.287516251708024	0.0125971992958701	22.8238233717779	0	0.287516251708024	0.459675564433954	0.459675564433954
SEdiverse	~~	SEdiverse	2	2		0.219833119118594	0.0104362836417245	21.0643105022266	0	0.219833119118594	0.360812419033345	0.360812419033345
sameinst	~~	sameinst	2	2		0.0776744496128372	0.016786263702531	4.62726256356414	3.70530644544509e-06	0.0776744496128372	0.180583217096987	0.180583217096987
evalexp	~~	evalexp	2	2		0.149449408499357	0.0151916635045438	9.8375933915767	0	0.149449408499357	0.339657523770088	0.339657523770088
MHWdacad	~~	MHWdacad	2	2		0.195763656912731	0.00930902716647048	21.0294430784173	0	0.195763656912731	0.160371351049775	0.160371351049775
MHWdlonely	~~	MHWdlonely	2	2		0.155691910813584	0.00785028460864325	19.8326453848776	0	0.155691910813584	0.134149369662147	0.134149369662147
MHWdmental	~~	MHWdmental	2	2		0.129908404993864	0.00677392443402172	19.1777168846769	0	0.129908404993864	0.116392545934707	0.116392545934707
MHWdexhaust	~~	MHWdexhaust	2	2		0.143705050741763	0.00718411737652744	20.0031601949167	0	0.143705050741763	0.12524610734816	0.12524610734816
MHWdsleep	~~	MHWdsleep	2	2		0.197022665038409	0.00924846696688912	21.3032782345203	0	0.197022665038409	0.164364210509084	0.164364210509084
MHWdfinancial	~~	MHWdfinancial	2	2		0.327116424925273	0.0138268542711387	23.6580511019108	0	0.327116424925273	0.24619517541515	0.24619517541515
QIadmin	~~	QIadmin	2	2		0.271112808259116	0.0121487452007523	22.3161160909299	0	0.271112808259116	0.23032174737455	0.23032174737455
QIstudent	~~	QIstudent	2	2		0.242939591734553	0.0111253843612018	21.8365122360869	0	0.242939591734553	0.208313257706252	0.208313257706252
QIadvisor	~~	QIadvisor	2	2		0.177666837695107	0.00876049690516895	20.2804520814656	0	0.177666837695107	0.160752371115381	0.160752371115381
QIfaculty	~~	QIfaculty	2	2		0.14555173181122	0.00746067848593249	19.5091816495866	0	0.14555173181122	0.13495035694623	0.13495035694623
QIstaff	~~	QIstaff	2	2		0.190323361786983	0.00878764627502879	21.6580590331465	0	0.190323361786983	0.165028145424099	0.165028145424099
Belong	~~	Belong	2	2		0.343571473847648	0.0188648506897036	18.2122551351636	0	0.75266495475153	0.75266495475153	0.75266495475153
Gains	~~	Gains	2	2		0.253075817919729	0.0157364780173817	16.0821130141188	0	0.922996561315207	0.922996561315207	0.922996561315207
SupportEnv	~~	SupportEnv	2	2		0.280644770242452	0.0159143870691254	17.6346578114161	0	0.787723506201542	0.787723506201542	0.787723506201542
Satisf	~~	Satisf	2	2		0.27465694087599	0.0199845093977035	13.7434917920753	0	0.779264559070028	0.779264559070028	0.779264559070028
DevAdj	~~	DevAdj	2	2		0.0319279546850821	0.00782053326488187	4.08258025427176	4.45384239105007e-05	0.282793901133725	0.282793901133725	0.282793901133725
EmoDiss	~~	EmoDiss	2	2		1.00856782030665	0.0421786752811621	23.9117946114609	0	0.984039603610821	0.984039603610821	0.984039603610821
QualEngag	~~	QualEngag	2	2		0.897513868640623	0.0394790624250873	22.7339205520314	0	0.990642289520405	0.990642289520405	0.990642289520405
x_FASt	~~	x_FASt	2	2		0.249371544237829	0	NA	NA	0.249371544237829	1	0.249371544237829
x_FASt	~~	credit_dose_c	2	2		0.6763048099858	0	NA	NA	0.6763048099858	0.757993165531267	0.6763048099858
x_FASt	~~	XZ_c	2	2		0.492167102710462	0	NA	NA	0.492167102710462	0.653768946095377	0.492167102710462
x_FASt	~~	cohort	2	2		0.00445609476529285	0	NA	NA	0.00445609476529285	0.0178495954532926	0.00445609476529285
x_FASt	~~	hgrades_c	2	2		-0.00949857478647798	0	NA	NA	-0.00949857478647798	-0.0198498060494564	-0.00949857478647798
x_FASt	~~	bparented_c	2	2		0.000672770322059851	0	NA	NA	0.000672770322059851	0.00136771238382046	0.000672770322059851
x_FASt	~~	hapcl_c	2	2		0.00398758883896069	0	NA	NA	0.00398758883896069	0.0177882988187928	0.00398758883896069
x_FASt	~~	hprecalc13_c	2	2		0.00236573840258652	0	NA	NA	0.00236573840258652	0.00974868480259603	0.00236573840258652
x_FASt	~~	hchallenge_c	2	2		-0.00780566077052982	0	NA	NA	-0.00780566077052982	-0.0132698167564359	-0.00780566077052982
x_FASt	~~	cSFcareer_c	2	2		0.0155686211853266	0	NA	NA	0.0155686211853266	0.0383360025881807	0.0155686211853266
x_FASt	~~	hacadpr13_c	2	2		0.143138847012361	0	NA	NA	0.143138847012361	0.0366835649514407	0.143138847012361
x_FASt	~~	tcare_c	2	2		-0.0437081589630307	0	NA	NA	-0.0437081589630307	-0.0158327194801673	-0.0437081589630307
x_FASt	~~	StemMaj_c	2	2		-0.00242622567538113	0	NA	NA	-0.00242622567538113	-0.0112722626979231	-0.00242622567538113
credit_dose_c	~~	credit_dose_c	2	2		3.19232778658548	0	NA	NA	3.19232778658548	1	3.19232778658548
credit_dose_c	~~	XZ_c	2	2		2.63605466855608	0	NA	NA	2.63605466855608	0.978668989957385	2.63605466855608
credit_dose_c	~~	cohort	2	2		0.0270501300999529	0	NA	NA	0.0270501300999529	0.0302839852487955	0.0270501300999529
credit_dose_c	~~	hgrades_c	2	2		0.196388030032217	0	NA	NA	0.196388030032217	0.114705051236385	0.196388030032217
credit_dose_c	~~	bparented_c	2	2		-0.0334380485049274	0	NA	NA	-0.0334380485049274	-0.0189993431098807	-0.0334380485049274
credit_dose_c	~~	hapcl_c	2	2		0.100029775731116	0	NA	NA	0.100029775731116	0.12471625118146	0.100029775731116
credit_dose_c	~~	hprecalc13_c	2	2		0.0115722025592048	0	NA	NA	0.0115722025592048	0.0133280018491309	0.0115722025592048
credit_dose_c	~~	hchallenge_c	2	2		-0.0122083082914144	0	NA	NA	-0.0122083082914144	-0.00580070057945022	-0.0122083082914144
credit_dose_c	~~	cSFcareer_c	2	2		0.0130122598321436	0	NA	NA	0.0130122598321436	0.00895527876233015	0.0130122598321436
credit_dose_c	~~	hacadpr13_c	2	2		0.475790443509622	0	NA	NA	0.475790443509622	0.0340799887477181	0.475790443509622
credit_dose_c	~~	tcare_c	2	2		-0.161966400151117	0	NA	NA	-0.161966400151117	-0.0163978776328036	-0.161966400151117
credit_dose_c	~~	StemMaj_c	2	2		-0.00801415392452999	0	NA	NA	-0.00801415392452999	-0.01040656245124	-0.00801415392452999
XZ_c	~~	XZ_c	2	2		2.27263500827993	0	NA	NA	2.27263500827993	1	2.27263500827993
XZ_c	~~	cohort	2	2		0.0270861348719135	0	NA	NA	0.0270861348719135	0.0359401261584307	0.0270861348719135
XZ_c	~~	hgrades_c	2	2		0.20414498212416	0	NA	NA	0.20414498212416	0.141317235102423	0.20414498212416
XZ_c	~~	bparented_c	2	2		-0.0376908771456469	0	NA	NA	-0.0376908771456469	-0.0253818223261929	-0.0376908771456469
XZ_c	~~	hapcl_c	2	2		0.0985829048052146	0	NA	NA	0.0985829048052146	0.145674741639971	0.0985829048052146
XZ_c	~~	hprecalc13_c	2	2		0.00626366308057785	0	NA	NA	0.00626366308057785	0.00855000363673916	0.00626366308057785
XZ_c	~~	hchallenge_c	2	2		0.00210607866902565	0	NA	NA	0.00210607866902565	0.00118601025212218	0.00210607866902565
XZ_c	~~	cSFcareer_c	2	2		0.00989615029572449	0	NA	NA	0.00989615029572449	0.00807200751806603	0.00989615029572449
XZ_c	~~	hacadpr13_c	2	2		0.348243160761032	0	NA	NA	0.348243160761032	0.0295634569917016	0.348243160761032
XZ_c	~~	tcare_c	2	2		-0.107201935164805	0	NA	NA	-0.107201935164805	-0.0128633542337989	-0.107201935164805
XZ_c	~~	StemMaj_c	2	2		-0.00560372034823326	0	NA	NA	-0.00560372034823326	-0.00862412339921813	-0.00560372034823326
cohort	~~	cohort	2	2		0.249922402111101	0	NA	NA	0.249922402111101	1	0.249922402111101
cohort	~~	hgrades_c	2	2		0.0188698316577386	0	NA	NA	0.0188698316577386	0.0393900653270118	0.0188698316577386
cohort	~~	bparented_c	2	2		-0.0062592114801971	0	NA	NA	-0.0062592114801971	-0.0127106697068674	-0.0062592114801971
cohort	~~	hapcl_c	2	2		-0.0027283839910991	0	NA	NA	-0.0027283839910991	-0.0121576711304713	-0.0027283839910991
cohort	~~	hprecalc13_c	2	2		0.0044352454                                                                                                                                                                                                                                                                                                                                                                                                                                                                                                                                                                                                                                                                                                                                                                                                                                                                                                                                                                                                                                                                                                                                                                                                                                                                                                                                                                                                                                                                                                                                                                                                                                                                                                                                                                                                                                                                                                                                                                                                                                                                                                                                                                                                                                                                                                                                                                                                                                                                                                                                                                                                                                                                                                                                                                                                                                                                                                                                                                                                                                                                                                                                                                                                                                                                                                                                                                                                                                                                                                                                                                                                                                                                                                                                                                                                                                                                                                                                                                                                                                                                                                                                                                                                                                                                                                                                                                                                                                                                                                                                                                                                                                                                                                                                                                                                                                                                                                                                                                                                                                                                                                                                                                                                                                                                                                                                                                                                                                                                                                                                                                                                                                                                                                                                                                                                                                                                                                                                                                                                                                                                                                                                                                                                                                                                                                                                                                                                                                                                                                                                                                                                                                                                                                                                                                                                                                                                                                                                                                                                                                                                                                                                                                                                                                                                                                                                                                                                                                                                                                                                                                                                                                                                                                                                                                                                                                                                                                                                                                                                                                                                                                                                                                                                                                                                                                                                                                                                                                                                                                                                                                                                                                                                                                                                                                                                                                                                                                                                                                                                                                                                                                                                                                                                                                                                                                                                                                                                                                                                                                                                                                                                                                                                                                                                                                                                                                                                                                                                                                                                                                                                                                                                                                                                                                                                                                                                                                                                                                                                                                                                                                                                                                                                                                                                                                                                                                                                                                                                                                                                                                                                                                                                                                                                                                                                                                                                                                                                                                                                                                                                                                                                                                                                                                                                                                                                                                                                                                                                                                                                                                                                                                                                                                                                                                                                                                                                                                                                                                                                                                                                                                                                                                                                                                                                                                                                