lhs	op	rhs	block	group	label	est	se	z	pvalue	ci.lower	ci.upper	std.lv	std.all
Belong	=~	sbvalued	1	1		1	0	NA	NA	1	1	0.613174241672746	0.850050042457011
Belong	=~	sbmyself	1	1	.p2.	0.973266674592415	0.0158235594207247	61.507442713407	0	0.942253068020566	1.00428028116427	0.596782055138559	0.813380554505613
Belong	=~	sbcommunity	1	1	.p3.	1.01111865161271	0.0151566691041213	66.7111384873987	0	0.981412126043042	1.04082517718238	0.619991912443793	0.86273693534589
Gains	=~	pganalyze	1	1		1	0	NA	NA	1	1	0.488820507077214	0.705241368555607
Gains	=~	pgthink	1	1	.p5.	1.00608515666453	0.0227929408475565	44.1402082949023	0	0.961411813501567	1.05075849982749	0.491795056443614	0.7694014316581
Gains	=~	pgwork	1	1	.p6.	0.99255495431649	0.0224685076403004	44.1753840622777	0	0.948517488555138	1.03659242007784	0.485181216070988	0.727042770429773
Gains	=~	pgvalues	1	1	.p7.	0.988337239072808	0.0243033681581088	40.666677665542	0	0.940703512779897	1.03597096536572	0.483119510366864	0.685777994935326
Gains	=~	pgprobsolve	1	1	.p8.	0.985428000853944	0.0228485313763954	43.1287238825327	0	0.940645702256575	1.03021029945131	0.48169741506551	0.746226177412504
SupportEnv	=~	SEacademic	1	1		1	0	NA	NA	1	1	0.554167536033108	0.798957632813902
SupportEnv	=~	SEwellness	1	1	.p10.	1.0234848192048	0.0187455778739506	54.5987339567196	0	0.986744161702467	1.06022547670714	0.567182060426016	0.79165993137789
SupportEnv	=~	SEnonacad	1	1	.p11.	1.00940737186448	0.0191543440771894	52.6986133169948	0	0.971865547325696	1.04694919640325	0.559380796119792	0.743271463836312
SupportEnv	=~	SEactivities	1	1	.p12.	0.974771929302585	0.0198220996092246	49.1760181070303	0	0.935921327970539	1.01362253063463	0.540186958255853	0.719293949264685
SupportEnv	=~	SEdiverse	1	1	.p13.	1.00507053354385	0.0190891318795866	52.6514531872793	0	0.967656522563728	1.04248454452398	0.556977461113479	0.754848478703589
Satisf	=~	sameinst	1	1		1	0	NA	NA	1	1	0.525725344670851	0.855458506285706
Satisf	=~	evalexp	1	1	.p15.	0.965627866905775	0.0372571946634923	25.9178898365093	0	0.892605107200332	1.03865062661122	0.507655043152817	0.815636601291437
DevAdj	=~	Belong	1	1		1	0	NA	NA	1	1	0.360606101780683	0.360606101780683
DevAdj	=~	Gains	1	1	.p17.	0.392392919550425	0.049225741544277	7.97129524595338	1.55431223447522e-15	0.295912239011365	0.488873600089485	0.177496060661559	0.177496060661559
DevAdj	=~	SupportEnv	1	1	.p18.	0.857799616653307	0.0593200438752667	14.4605357753446	0	0.741534467096448	0.974064766210165	0.342264409343286	0.342264409343286
DevAdj	=~	Satisf	1	1		1.00620068671607	0.12734111065642	7.90161701534792	2.66453525910038e-15	0.75661669607816	1.25578467735399	0.423197086107074	0.423197086107074
EmoDiss	=~	MHWdacad	1	1		1	0	NA	NA	1	1	0.825936696564054	0.875416733073273
EmoDiss	=~	MHWdlonely	1	1	.p21.	1.00006123563247	0.0110670444058873	90.3638947269849	0	0.978370227181626	1.02175224408332	0.825987273320048	0.89496966388614
EmoDiss	=~	MHWdmental	1	1	.p22.	0.991949705951018	0.0103343507778235	95.9856818562465	0	0.971694750622881	1.01220466127916	0.819287663290868	0.918462418709234
EmoDiss	=~	MHWdexhaust	1	1	.p23.	1.00231202979502	0.0106049705987508	94.5134190106176	0	0.981526669364361	1.02309739022568	0.827846286815309	0.91015296467584
EmoDiss	=~	MHWdsleep	1	1	.p24.	0.9983701224225	0.0113189490333483	88.203429442174	0	0.976185389974293	1.02055485487071	0.824590520861889	0.878704328524356
EmoDiss	=~	MHWdfinancial	1	1	.p25.	1.00374422061922	0.0132697084354962	75.6417690334643	0	0.9777360700003	1.02975237123814	0.829029185773499	0.820126097459479
QualEngag	=~	QIadmin	1	1		1	0	NA	NA	1	1	0.903185634869073	0.871987867343447
QualEngag	=~	QIstudent	1	1	.p27.	0.99030494842716	0.012072855305772	82.0274014179312	0	0.966642586837283	1.01396731001704	0.894429203559169	0.878058730904898
QualEngag	=~	QIadvisor	1	1	.p28.	0.997213805043733	0.0112933157211405	88.3012420503753	0	0.975079312964258	1.01934829712321	0.900669183608628	0.901842771799186
QualEngag	=~	QIfaculty	1	1	.p29.	0.999567940586078	0.010960008556151	91.2013832347878	0	0.978086718545771	1.02104916262638	0.902795405013009	0.923261175472721
QualEngag	=~	QIstaff	1	1	.p30.	0.98929556718156	0.0113580203986185	87.1010556823697	0	0.967034256264597	1.01155687809852	0.893517544918038	0.893006805161229
sbvalued	~~	sbvalued	1	1		0.14434729225141	0.00995191337348666	14.5044763588851	0	0.124841900462114	0.163852684040706	0.14434729225141	0.277414925318833
sbmyself	~~	sbmyself	1	1		0.182175424162253	0.0109057494744891	16.7045304486777	0	0.160800547967838	0.203550300356669	0.182175424162253	0.338412073552141
sbcommunity	~~	sbcommunity	1	1		0.13204455067356	0.0097051593713592	13.6056035373551	0	0.113022787841474	0.151066313505645	0.13204455067356	0.255684980389981
pganalyze	~~	pganalyze	1	1		0.24147694161097	0.01117743701102	21.6039635359067	0	0.219569567629906	0.263384315592035	0.24147694161097	0.502634612077814
pgthink	~~	pgthink	1	1		0.166703730495968	0.00923856991574935	18.044322012629	0	0.148596466192444	0.184810994799492	0.166703730495968	0.408021436962466
pgwork	~~	pgwork	1	1		0.209935426363319	0.0110430170154982	19.0106948190596	0	0.188291510732279	0.231579341994358	0.209935426363319	0.4714088099658
pgvalues	~~	pgvalues	1	1		0.262893009471764	0.013380599297181	19.6473269719055	0	0.236667516757727	0.2891185021858	0.262893009471764	0.529708541662484
pgprobsolve	~~	pgprobsolve	1	1		0.184652413124464	0.00927778714748342	19.9026352069901	0	0.166468284459168	0.20283654178976	0.184652413124464	0.443146492144323
SEacademic	~~	SEacademic	1	1		0.173997570981741	0.00930306476090802	18.7032526864575	0	0.155763899104517	0.192231242858964	0.173997570981741	0.361666700968407
SEwellness	~~	SEwellness	1	1		0.191600230546249	0.00984315987947526	19.4653173261739	0	0.172307991688408	0.210892469404091	0.191600230546249	0.373274553050754
SEnonacad	~~	SEnonacad	1	1		0.253489136629859	0.0115838640315065	21.882951659343	0	0.230785180326297	0.276193092933421	0.253489136629859	0.447547531046626
SEactivities	~~	SEactivities	1	1		0.272193208224772	0.0130656741138975	20.8326953398638	0	0.246584957527795	0.297801458921748	0.272193208224772	0.482616214551213
SEdiverse	~~	SEdiverse	1	1		0.234223189313831	0.0126789718790471	18.473358214549	0	0.209372861069903	0.25907351755776	0.234223189313831	0.430203774198878
sameinst	~~	sameinst	1	1		0.101289334046019	0.0129161512195074	7.84206783620193	4.44089209850063e-15	0.0759741428369118	0.126604525255127	0.101289334046019	0.268190744023428
evalexp	~~	evalexp	1	1		0.129672424801701	0.0127091705802973	10.2030595924748	0	0.104762908190943	0.15458194141246	0.129672424801701	0.334736934633754
MHWdacad	~~	MHWdacad	1	1		0.207979887592647	0.0111881531222272	18.5892957774647	0	0.186051510419562	0.229908264765732	0.207979887592647	0.233645543455318
MHWdlonely	~~	MHWdlonely	1	1		0.169530209842545	0.00957601453546396	17.7036291261572	0	0.150761566237603	0.188298853447486	0.169530209842545	0.199029300723529
MHWdmental	~~	MHWdmental	1	1		0.124468991270926	0.00752899500666691	16.531952957959	0	0.109712432218077	0.139225550323775	0.124468991270926	0.156426785418783
MHWdexhaust	~~	MHWdexhaust	1	1		0.141985021758723	0.00847796245681888	16.7475407542674	0	0.125368520681075	0.158601522836371	0.141985021758723	0.17162158089178
MHWdsleep	~~	MHWdsleep	1	1		0.200675744822267	0.0105295079145537	19.0584162575059	0	0.180038288534812	0.221313201109721	0.200675744822267	0.22787870303256
MHWdfinancial	~~	MHWdfinancial	1	1		0.334539967368044	0.0146397148460758	22.8515357631926	0	0.305846653525799	0.363233281210289	0.334539967368044	0.327393184265886
QIadmin	~~	QIadmin	1	1		0.257091264924978	0.0139347261625937	18.449681890062	0	0.229779703511866	0.28440282633809	0.257091264924978	0.239637159205827
QIstudent	~~	QIstudent	1	1		0.237631872511301	0.0131595731652071	18.057718858206	0	0.211839583055575	0.263424161967027	0.237631872511301	0.22901286508168
QIadvisor	~~	QIadvisor	1	1		0.186194070359156	0.0105284149548399	17.6849099468257	0	0.165558756233377	0.206829384484935	0.186194070359156	0.186679614953561
QIfaculty	~~	QIfaculty	1	1		0.141118171526877	0.00849611882764707	16.6097219671254	0	0.124466084616316	0.157770258437438	0.141118171526877	0.14758880186473
QIstaff	~~	QIstaff	1	1		0.202770589349119	0.011501966145755	17.629211108742	0	0.180227149952041	0.225314028746198	0.202770589349119	0.202538845935735
Belong	~~	Belong	1	1		0.327091084702908	0.017121045820016	19.1046206021194	0	0.293534451518016	0.360647717887799	0.86996323935854	0.86996323935854
Gains	~~	Gains	1	1		0.231417546006767	0.0128064808518552	18.0703464662771	0	0.206317304768429	0.256517787245106	0.968495148449628	0.968495148449628
SupportEnv	~~	SupportEnv	1	1		0.271126257022694	0.0152309757346122	17.8009775438459	0	0.24127409313345	0.300978420911937	0.882855074096891	0.882855074096891
Satisf	~~	Satisf	1	1		0.226887369706099	0.0178942456076399	12.6793481368798	0	0.191815292784611	0.261959446627587	0.820904226310482	0.820904226310482
DevAdj	~~	DevAdj	1	1		0.0488915659480388	0.00980252987967635	4.98764773463288	6.11188795351936e-07	0.0296789604264955	0.0681041714695822	1	1
EmoDiss	~~	EmoDiss	1	1		0.682171426731142	0.0318071736578172	21.4470934786588	0	0.619830511911809	0.744512341550474	1	1
QualEngag	~~	QualEngag	1	1		0.815744291033851	0.0368924809901	22.111396933504	0	0.743436356992926	0.888052225074776	1	1
DevAdj	~~	EmoDiss	1	1		-0.118355506181337	0.0141507055883738	-8.36392966005726	0	-0.14609037949038	-0.0906206328722952	-0.648074197954704	-0.648074197954704
DevAdj	~~	QualEngag	1	1		0.116071413245689	0.0134547414387406	8.62680370144326	0	0.089700604604459	0.142442221886919	0.581207589843622	0.581207589843622
EmoDiss	~~	QualEngag	1	1		-0.0704023421712099	0.0233009740805379	-3.02143343569543	0.00251580948285701	-0.116071412173766	-0.0247332721686543	-0.0943763818902825	-0.0943763818902825
sbvalued	~1		1	1		3.02087750276975	0.0210776099526985	143.321634167682	0	2.97956614638228	3.06218885915722	3.02087750276975	4.18787495456692
sbmyself	~1		1	1		3.02890612305282	0.0218247243928603	138.783247317601	0	2.9861304492703	3.07168179683534	3.02890612305282	4.12822959521151
sbcommunity	~1		1	1		3.02843648478387	0.0214775390391699	141.004818068808	0	2.98634128179054	3.07053168777719	3.02843648478387	4.21415821615089
pganalyze	~1		1	1		3.10935178064823	0.0204377805165996	152.137448492649	0	3.06929446691176	3.1494090943847	3.10935178064823	4.48598917876167
pgthink	~1		1	1		3.11926779084517	0.0193506948324894	161.196681454972	0	3.08134112589767	3.15719445579267	3.11926779084517	4.88001876504515
pgwork	~1		1	1		3.10405132558917	0.0204785188117128	151.57596865911	0	3.06391416626149	3.14418848491686	3.10405132558917	4.65141271046728
pgvalues	~1		1	1		3.10704146942017	0.0210869784326101	147.344081531153	0	3.06571175114948	3.14837118769086	3.10704146942017	4.4103800888974
pgprobsolve	~1		1	1		3.10723681926925	0.01938815609512	160.264689639638	0	3.06923673159618	3.14523690694233	3.10723681926925	4.81360576461333
SEacademic	~1		1	1		3.0240678561455	0.0207793718965519	145.532207190888	0	2.9833410356069	3.06479467668411	3.0240678561455	4.35987664147521
SEwellness	~1		1	1		3.01188595530322	0.0215214267843847	139.948247180738	0	2.96970473390991	3.05406717669653	3.01188595530322	4.20392250576903
SEnonacad	~1		1	1		3.04833009939981	0.0221782707312926	137.446698903299	0	3.0048614875271	3.09179871127253	3.04833009939981	4.05043718152952
SEactivities	~1		1	1		3.01373393782377	0.0231029153804104	130.448209163212	0	2.96845305574029	3.05901481990725	3.01373393782377	4.01298208525711
SEdiverse	~1		1	1		3.03446281706038	0.0226538992412563	133.948808756691	0	2.99006199043812	3.07886364368264	3.03446281706038	4.11248174488331
sameinst	~1		1	1		3.14435360084934	0.0185000392626965	169.964698787944	0	3.10809419018188	3.1806130115168	3.14435360084934	5.11648156567521
evalexp	~1		1	1		3.14926865723595	0.0188675042297147	166.914957001897	0	3.11228902846755	3.18624828600435	3.14926865723595	5.05985081560264
MHWdacad	~1		1	1		3.26557671092045	0.0287750559864465	113.486372101538	0	3.20917863753389	3.32197478430701	3.26557671092045	3.46121017236148
MHWdlonely	~1		1	1		3.23926992894359	0.0274648960519503	117.942187831931	0	3.18543972184264	3.29310013604455	3.23926992894359	3.50979780583111
MHWdmental	~1		1	1		3.24066568258548	0.0277711208612611	116.691929676702	0	3.1862352858871	3.29509607928386	3.24066568258548	3.63294819929293
MHWdexhaust	~1		1	1		3.25423216708915	0.0278524201116824	116.838398747411	0	3.19964242678797	3.30882190739033	3.25423216708915	3.57777657735687
MHWdsleep	~1		1	1		3.26407526719824	0.0282180395338856	115.673353681378	0	3.2087689259975	3.31938160839899	3.26407526719824	3.47828042325602
MHWdfinancial	~1		1	1		3.27385534417014	0.031303089558074	104.585693948721	0	3.21250241603149	3.3352082723088	3.27385534417014	3.23869684341208
QIadmin	~1		1	1		5.28413216443487	0.0316206261490884	167.110295018216	0	5.22215687601405	5.34610745285569	5.28413216443487	5.10160808469281
QIstudent	~1		1	1		5.26995975454705	0.0305670544136657	172.406529043603	0	5.21004942878279	5.32987008031131	5.26995975454705	5.17350524287903
QIadvisor	~1		1	1		5.2795656529064	0.0309227947593701	170.733780500438	0	5.21895808887671	5.34017321693609	5.2795656529064	5.28644502217348
QIfaculty	~1		1	1		5.28353642409247	0.0295301027552726	178.920353507713	0	5.22565848623237	5.34141436195257	5.28353642409247	5.40331067534649
QIstaff	~1		1	1		5.27659652991274	0.0296221016275323	178.130390485474	0	5.21853827757639	5.33465478224909	5.27659652991274	5.27358039705246
Belong	~1		1	1		0	0	NA	NA	0	0	0	0
Gains	~1		1	1		0	0	NA	NA	0	0	0	0
SupportEnv	~1		1	1		0	0	NA	NA	0	0	0	0
Satisf	~1		1	1		0	0	NA	NA	0	0	0	0
DevAdj	~1		1	1		0	0	NA	NA	0	0	0	0
EmoDiss	~1		1	1		0	0	NA	NA	0	0	0	0
QualEngag	~1		1	1		0	0	NA	NA	0	0	0	0
Belong	=~	sbvalued	2	2		1	0	NA	NA	1	1	0.652502513056818	0.854203769195091
Belong	=~	sbmyself	2	2	.p2.	0.973266674592416	0.0158235594207247	61.507442713407	0	0.942253068020566	1.00428028116427	0.635058951046003	0.83589205238744
Belong	=~	sbcommunity	2	2	.p3.	1.01111865161271	0.0151566691041213	66.7111384873987	0	0.981412126043043	1.04082517718238	0.659757461175915	0.874851369682002
Gains	=~	pganalyze	2	2		1	0	NA	NA	1	1	0.51634761606651	0.724114578503717
Gains	=~	pgthink	2	2	.p5.	1.00608515666453	0.0227929408475564	44.1402082949024	0	0.961411813501568	1.05075849982749	0.519489672203632	0.793842362793053
Gains	=~	pgwork	2	2	.p6.	0.99255495431649	0.0224685076403004	44.1753840622778	0	0.948517488555138	1.03659242007784	0.512503384476324	0.739489716278958
Gains	=~	pgvalues	2	2	.p7.	0.988337239072808	0.0243033681581088	40.666677665542	0	0.940703512779897	1.03597096536572	0.510325577265001	0.699509378696605
Gains	=~	pgprobsolve	2	2	.p8.	0.985428000853944	0.0228485313763954	43.1287238825327	0	0.940645702256575	1.03021029945131	0.508823399046121	0.748549747364037
SupportEnv	=~	SEacademic	2	2		1	0	NA	NA	1	1	0.582017334101483	0.817501056543064
SupportEnv	=~	SEwellness	2	2	.p10.	1.0234848192048	0.0187455778739506	54.5987339567197	0	0.986744161702467	1.06022547670714	0.595685905966916	0.800882270969558
SupportEnv	=~	SEnonacad	2	2	.p11.	1.00940737186448	0.0191543440771895	52.6986133169947	0	0.971865547325697	1.04694919640326	0.587492587594946	0.772801719144137
SupportEnv	=~	SEactivities	2	2	.p12.	0.974771929302585	0.0198220996092246	49.1760181070303	0	0.93592132797054	1.01362253063463	0.56733415964965	0.722928125423328
SupportEnv	=~	SEdiverse	2	2	.p13.	1.00507053354385	0.0190891318795866	52.6514531872793	0	0.967656522563728	1.04248454452398	0.584968472517148	0.778299792534703
Satisf	=~	sameinst	2	2		1	0	NA	NA	1	1	0.571462960607068	0.87105748695407
Satisf	=~	evalexp	2	2	.p15.	0.965627866905775	0.0372571946634924	25.9178898365092	0	0.892605107200332	1.03865062661122	0.551820559666662	0.844767500892904
DevAdj	=~	Belong	2	2		1	0	NA	NA	1	1	0.30144371286635	0.30144371286635
DevAdj	=~	Gains	2	2	.p17.	0.392392919550425	0.049225741544277	7.97129524595339	1.55431223447522e-15	0.295912239011365	0.488873600089485	0.14947460174482	0.14947460174482
DevAdj	=~	SupportEnv	2	2	.p18.	0.857799616653307	0.0593200438752668	14.4605357753446	0	0.741534467096448	0.974064766210165	0.289893413065323	0.289893413065323
DevAdj	=~	Satisf	2	2		1.09797409836052	0.0967202115285235	11.35206469267	0	0.908405967187522	1.28754222953353	0.377913518234389	0.377913518234389
EmoDiss	=~	MHWdacad	2	2		1	0	NA	NA	1	1	0.99365059408605	0.903652594308948
EmoDiss	=~	MHWdlonely	2	2	.p21.	1.00006123563247	0.0110670444058873	90.3638947269848	0	0.978370227181626	1.02175224408332	0.993711440908634	0.926730304747226
EmoDiss	=~	MHWdmental	2	2	.p22.	0.991949705951018	0.0103343507778235	95.9856818562465	0	0.971694750622881	1.01220466127916	0.985651414621712	0.937499688033362
EmoDiss	=~	MHWdexhaust	2	2	.p23.	1.00231202979502	0.0106049705987508	94.5134190106176	0	0.981526669364361	1.02309739022568	0.995947943865416	0.934978577255822
EmoDiss	=~	MHWdsleep	2	2	.p24.	0.9983701224225	0.0113189490333483	88.2034294421739	0	0.976185389974293	1.02055485487071	0.99203106526288	0.918461002235439
EmoDiss	=~	MHWdfinancial	2	2	.p25.	1.00374422061922	0.0132697084354963	75.6417690334642	0	0.9777360700003	1.02975237123814	0.997371041128728	0.862489781246472
QualEngag	=~	QIadmin	2	2		1	0	NA	NA	1	1	0.971581362538678	0.884329823204337
QualEngag	=~	QIstudent	2	2	.p27.	0.990304948427159	0.012072855305772	82.0274014179312	0	0.966642586837283	1.01396731001704	0.962161831121655	0.899405221136185
QualEngag	=~	QIadvisor	2	2	.p28.	0.997213805043733	0.0112933157211405	88.3012420503753	0	0.975079312964258	1.01934829712321	0.96887434744677	0.920074956550106
QualEngag	=~	QIfaculty	2	2	.p29.	0.999567940586078	0.010960008556151	91.2013832347879	0	0.978086718545771	1.02104916262638	0.971161581664602	0.930605457686951
QualEngag	=~	QIstaff	2	2	.p30.	0.98929556718156	0.0113580203986185	87.1010556823698	0	0.967034256264597	1.01155687809852	0.961181135115735	0.914278638030641
sbvalued	~~	sbvalued	2	2		0.157741209520342	0.00809192573803784	19.4936551109021	0	0.141881326508215	0.173601092532469	0.157741209520342	0.2703359206929
sbmyself	~~	sbmyself	2	2		0.173901948159193	0.00809205830343171	21.4904467612949	0	0.158041805323669	0.189762090994718	0.173901948159193	0.301284476755514
sbcommunity	~~	sbcommunity	2	2		0.133442144808395	0.00755362008214314	17.6659857601065	0	0.118637321494496	0.148246968122294	0.133442144808395	0.234635080965526
pganalyze	~~	pganalyze	2	2		0.241860332807776	0.00889861710433095	27.1795414919092	0	0.224419363771075	0.259301301844476	0.241860332807776	0.475658077198384
pgthink	~~	pgthink	2	2		0.158368570969947	0.00666210054371901	23.7715672302868	0	0.145311093842873	0.171426048097021	0.158368570969947	0.369814303035144
pgwork	~~	pgwork	2	2		0.217658652020609	0.00901910492099938	24.1330657451195	0	0.199981531202663	0.235335772838556	0.217658652020609	0.453154959517667
pgvalues	~~	pgvalues	2	2		0.271807899793722	0.0098624555063588	27.5598606876831	0	0.25247784220213	0.291137957385314	0.271807899793722	0.51068662911549
pgprobsolve	~~	pgprobsolve	2	2		0.203152832742886	0.00829589588937672	24.4883536934248	0	0.186893175580214	0.219412489905558	0.203152832742886	0.439673275721236
SEacademic	~~	SEacademic	2	2		0.168124195808528	0.00681969404481648	24.652747572498	0	0.154757841095106	0.181490550521951	0.168124195808528	0.331692022550974
SEwellness	~~	SEwellness	2	2		0.198377559361903	0.00840536050492489	23.6013148092422	0	0.181903355495175	0.214851763228632	0.198377559361903	0.358587588046643
SEnonacad	~~	SEnonacad	2	2		0.232773656642612	0.0088144411851303	26.4082148548786	0	0.21549766937591	0.250049643909314	0.232773656642612	0.402777502887867
SEactivities	~~	SEactivities	2	2		0.293999930832367	0.0107255022265435	27.4112973567592	0	0.272978332752237	0.315021528912496	0.293999930832367	0.477374925471913
SEdiverse	~~	SEdiverse	2	2		0.222711256375492	0.00869579870526857	25.6113629033934	0	0.205667804096356	0.239754708654628	0.222711256375492	0.394249432940438
sameinst	~~	sameinst	2	2		0.103840267690608	0.0133021328142675	7.80628709249027	5.99520433297585e-15	0.0777685664570752	0.129911968924141	0.103840267690608	0.241258854421261
evalexp	~~	evalexp	2	2		0.122192808717475	0.0126113740735522	9.68909557394937	0	0.0974749697377502	0.146910647697199	0.122192808717475	0.286367869435157
MHWdacad	~~	MHWdacad	2	2		0.221764544945655	0.00901991567123574	24.5860995854824	0	0.204085835086445	0.239443254804866	0.221764544945655	0.183411988798708
MHWdlonely	~~	MHWdlonely	2	2		0.162315189647002	0.00718892360008368	22.5785108698488	0	0.148225158303228	0.176405220990776	0.162315189647002	0.141170942263113
MHWdmental	~~	MHWdmental	2	2		0.133853046963411	0.00606309219043179	22.0766966358595	0	0.121969604635219	0.145736489291604	0.133853046963411	0.121094334937349
MHWdexhaust	~~	MHWdexhaust	2	2		0.142758701023309	0.00634193034382981	22.5102915490394	0	0.13032874595694	0.155188656089677	0.142758701023309	0.125815060072679
MHWdsleep	~~	MHWdsleep	2	2		0.182493519558197	0.00789681145359118	23.1097729293266	0	0.167016053516455	0.197970985599939	0.182493519558197	0.156429387372673
MHWdfinancial	~~	MHWdfinancial	2	2		0.342479407524809	0.0132654234744307	25.8174500184592	0	0.316479655275253	0.368479159774366	0.342479407524809	0.256111377245413
QIadmin	~~	QIadmin	2	2		0.26309229467722	0.0106104428786281	24.7955997394934	0	0.24229620877509	0.283888380579351	0.26309229467722	0.217960763791387
QIstudent	~~	QIstudent	2	2		0.218664614075775	0.00908910935194865	24.0578703158517	0	0.20085028709441	0.236478941057141	0.218664614075775	0.19107024819297
QIadvisor	~~	QIadvisor	2	2		0.170172570614732	0.00752305702122946	22.6201356887923	0	0.155427649799481	0.184917491429983	0.170172570614732	0.15346207432932
QIfaculty	~~	QIfaculty	2	2		0.145905157059814	0.00650239949566811	22.4386639358311	0	0.133160688235214	0.158649625884415	0.145905157059814	0.13397348212326
QIstaff	~~	QIstaff	2	2		0.18136252229133	0.00772131453699255	23.488555144649	0	0.166229023885519	0.19649602069714	0.18136252229133	0.164094572040836
Belong	~~	Belong	2	2		0.387071479766406	0.0153099583160657	25.2823340061107	0	0.357064512862107	0.417078446670704	0.90913168797335	0.90913168797335
Gains	~~	Gains	2	2		0.260657976351192	0.0123696756712934	21.0723371637066	0	0.236413857535016	0.284902095167368	0.977657343433228	0.977657343433228
SupportEnv	~~	SupportEnv	2	2		0.310276729352157	0.0125561630637836	24.7111102154371	0	0.285667101963129	0.334886356741185	0.915961809061338	0.915961809061338
Satisf	~~	Satisf	2	2		0.279929648330293	0.0165571519992799	16.9068719271567	0	0.247478226725149	0.312381069935437	0.857181372735706	0.857181372735706
DevAdj	~~	DevAdj	2	2		0.0386880497790569	0.00752835712486794	5.13897642438629	2.7623905030083e-07	0.0239327409515602	0.0534433586065536	1	1
EmoDiss	~~	EmoDiss	2	2		0.987341503127561	0.0375695013143521	26.2803994885708	0	0.913706633634301	1.06097637262082	1	1
QualEngag	~~	QualEngag	2	2		0.943970344032514	0.0356521159178001	26.4772600372147	0	0.874093480860979	1.01384720720405	1	1
DevAdj	~~	EmoDiss	2	2		-0.164050994606708	0.0149295244006477	-10.9883603927524	0	-0.193312324738289	-0.134789664475126	-0.839376395880784	-0.839376395880784
DevAdj	~~	QualEngag	2	2		0.136681159960171	0.0116295070524794	11.7529624723888	0	0.113887744979357	0.159474574940985	0.715222324063183	0.715222324063183
EmoDiss	~~	QualEngag	2	2		-0.157565001170523	0.0248331316902754	-6.34495089607348	2.22496465696054e-10	-0.206237044906803	-0.108892957434243	-0.163210045243191	-0.163210045243191
sbvalued	~1		2	2		2.60357042331478	0.0177483168093591	146.693934488585	0	2.56878436158223	2.63835648504733	2.60357042331478	3.40838483294345
sbmyself	~1		2	2		2.60312802550317	0.0175849992679467	148.031170535677	0	2.56866206026984	2.63759399073651	2.60312802550317	3.42634967081582
sbcommunity	~1		2	2		2.5971374754269	0.0176650782606518	147.021000252907	0	2.56251455825194	2.63176039260186	2.5971374754269	3.44385537312454
pganalyze	~1		2	2		2.95138498027223	0.0166625658058311	177.126681128508	0	2.91872695140277	2.98404300914168	2.95138498027223	4.13895760238533
pgthink	~1		2	2		2.96654775804086	0.0151964881665581	195.212717933683	0	2.93676318854291	2.9963323275388	2.96654775804086	4.53323984592801
pgwork	~1		2	2		2.96315142179486	0.0158507166527764	186.941164030955	0	2.93208458802627	2.99421825556345	2.96315142179486	4.27552299275771
pgvalues	~1		2	2		2.9372086212793	0.0169333549705607	173.456980402629	0	2.90401985539957	2.97039738715903	2.9372086212793	4.02606702330046
pgprobsolve	~1		2	2		2.94865547674603	0.0159223096528363	185.19018540886	0	2.91744832327578	2.97986263021629	2.94865547674603	4.33788091569617
SEacademic	~1		2	2		2.65144126930435	0.0161946416224599	163.723367958149	0	2.6197003549818	2.6831821836269	2.65144126930435	3.72421217035478
SEwellness	~1		2	2		2.64192242970467	0.0171856672279424	153.728243114654	0	2.60823914088761	2.67560571852172	2.64192242970467	3.55198740482673
SEnonacad	~1		2	2		2.65113174649565	0.0175643979053463	150.93780958405	0	2.61670615919104	2.68555733380026	2.65113174649565	3.48736173805482
SEactivities	~1		2	2		2.64290093415171	0.0181019258051718	146.001091960979	0	2.60742181152275	2.67838005678066	2.64290093415171	3.36772849917188
SEdiverse	~1		2	2		2.6418600338332	0.0174681425389675	151.238749508701	0	2.60762310358001	2.67609696408638	2.6418600338332	3.51499134199549
sameinst	~1		2	2		2.87321166452698	0.0154636927619713	185.803721578901	0	2.84290338364552	2.90351994540843	2.87321166452698	4.37951836691449
evalexp	~1		2	2		2.87262143835631	0.0152833349700435	187.957762097531	0	2.84266665225137	2.90257622446126	2.87262143835631	4.39762018826834
MHWdacad	~1		2	2		4.14749217515583	0.0261932887802981	158.341787850461	0	4.09615427250979	4.19883007780187	4.14749217515583	3.77184101359382
MHWdlonely	~1		2	2		4.14400764175268	0.025623762063633	161.725184282527	0	4.09378599095953	4.19422929254582	4.14400764175268	3.86468073790588
MHWdmental	~1		2	2		4.16249962081357	0.0245237485503331	169.733416254467	0	4.114433956889	4.21056528473814	4.16249962081357	3.95915030208667
MHWdexhaust	~1		2	2		4.16403174104948	0.0250888215598913	165.97159540193	0	4.11485855437754	4.21320492772142	4.16403174104948	3.90912044838825
MHWdsleep	~1		2	2		4.16165123612841	0.0258121469377564	161.22840328485	0	4.11106035776676	4.21224211449007	4.16165123612841	3.85301882081281
MHWdfinancial	~1		2	2		4.11906092751309	0.0273102218168375	150.824879971263	0	4.06553387634229	4.17258797868389	4.11906092751309	3.56201234225842
QIadmin	~1		2	2		4.7075162675276	0.0256917195779359	183.23087535061	0	4.65716142245394	4.75787111260126	4.7075162675276	4.28476418867956
QIstudent	~1		2	2		4.71803038806523	0.0251778714585875	187.387976613728	0	4.66868266679902	4.76737810933144	4.71803038806523	4.41029879511871
QIadvisor	~1		2	2		4.70347791964052	0.0245402501626289	191.66381306101	0	4.65537991315016	4.75157592613088	4.70347791964052	4.46657737812115
QIfaculty	~1		2	2		4.70731506491897	0.0243788611359848	193.090031509744	0	4.65953337510834	4.75509675472961	4.70731506491897	4.51073556982868
QIstaff	~1		2	2		4.70279378187305	0.0245706032632472	191.399198932471	0	4.65463628439866	4.75095127934744	4.70279378187305	4.47331281976539
Belong	~1		2	2		0	0	NA	NA	0	0	0	0
Gains	~1		2	2		0	0	NA	NA	0	0	0	0
SupportEnv	~1		2	2		0	0	NA	NA	0	0	0	0
Satisf	~1		2	2		0	0	NA	NA	0	0	0	0
DevAdj	~1		2	2		0	0	NA	NA	0	0	0	0
EmoDiss	~1		2	2		0	0	NA	NA	0	0	0	0
QualEngag	~1		2	2		0	0	NA	NA	0	0	0	0
Belong	=~	sbvalued	3	3		1	0	NA	NA	1	1	0.682346259354425	0.886776913523389
Belong	=~	sbmyself	3	3	.p2.	0.973266674592415	0.0158235594207247	61.507442713407	0	0.942253068020566	1.00428028116427	0.664104874762456	0.828410828162122
Belong	=~	sbcommunity	3	3	.p3.	1.01111865161271	0.0151566691041213	66.7111384873986	0	0.981412126043042	1.04082517718238	0.689933029691424	0.901192215910876
Gains	=~	pganalyze	3	3		1	0	NA	NA	1	1	0.513596269976888	0.738201383568846
Gains	=~	pgthink	3	3	.p5.	1.00608515666453	0.0227929408475565	44.1402082949023	0	0.961411813501567	1.05075849982749	0.516721583742015	0.774675085174525
Gains	=~	pgwork	3	3	.p6.	0.99255495431649	0.0224685076403004	44.1753840622777	0	0.948517488555138	1.03659242007784	0.509772522284029	0.739994234529839
Gains	=~	pgvalues	3	3	.p7.	0.988337239072807	0.0243033681581088	40.666677665542	0	0.940703512779897	1.03597096536572	0.50760631946705	0.70842684588335
Gains	=~	pgprobsolve	3	3	.p8.	0.985428000853944	0.0228485313763955	43.1287238825327	0	0.940645702256575	1.03021029945131	0.506112145569367	0.75972379526495
SupportEnv	=~	SEacademic	3	3		1	0	NA	NA	1	1	0.615870207727257	0.836405224840238
SupportEnv	=~	SEwellness	3	3	.p10.	1.0234848192048	0.0187455778739506	54.5987339567196	0	0.986744161702467	1.06022547670714	0.630333808209355	0.829699743687712
SupportEnv	=~	SEnonacad	3	3	.p11.	1.00940737186448	0.0191543440771894	52.6986133169948	0	0.971865547325696	1.04694919640325	0.621663927791599	0.778073241111746
SupportEnv	=~	SEactivities	3	3	.p12.	0.974771929302584	0.0198220996092246	49.1760181070302	0	0.935921327970539	1.01362253063463	0.600332990586282	0.741945210584318
SupportEnv	=~	SEdiverse	3	3	.p13.	1.00507053354385	0.0190891318795866	52.6514531872793	0	0.967656522563728	1.04248454452398	0.618992998274198	0.7913789632724
Satisf	=~	sameinst	3	3		1	0	NA	NA	1	1	0.579652287326956	0.880733026961789
Satisf	=~	evalexp	3	3	.p15.	0.965627866905774	0.0372571946634924	25.9178898365092	0	0.892605107200331	1.03865062661122	0.559728401758581	0.847232281750963
DevAdj	=~	Belong	3	3		1	0	NA	NA	1	1	0.500369975754638	0.500369975754638
DevAdj	=~	Gains	3	3	.p17.	0.392392919550425	0.049225741544277	7.97129524595339	1.55431223447522e-15	0.295912239011365	0.488873600089485	0.260852713439096	0.260852713439096
DevAdj	=~	SupportEnv	3	3	.p18.	0.857799616653307	0.0593200438752667	14.4605357753446	0	0.741534467096448	0.974064766210165	0.475546193072397	0.475546193072397
DevAdj	=~	Satisf	3	3		0.695168950071158	0.0806566689340025	8.61886511380703	0	0.537084783847542	0.853253116294773	0.409466964995744	0.409466964995744
EmoDiss	=~	MHWdacad	3	3		1	0	NA	NA	1	1	0.978858045071049	0.901285073155167
EmoDiss	=~	MHWdlonely	3	3	.p21.	1.00006123563247	0.0110670444058873	90.3638947269849	0	0.978370227181626	1.02175224408331	0.978917986062538	0.93136610983116
EmoDiss	=~	MHWdmental	3	3	.p22.	0.991949705951018	0.0103343507778235	95.9856818562465	0	0.971694750622881	1.01220466127916	0.970977949976016	0.938425267893259
EmoDiss	=~	MHWdexhaust	3	3	.p23.	1.00231202979502	0.0106049705987508	94.5134190106177	0	0.981526669364361	1.02309739022568	0.981121194036347	0.93201603027117
EmoDiss	=~	MHWdsleep	3	3	.p24.	0.9983701224225	0.0113189490333483	88.203429442174	0	0.976185389974293	1.02055485487071	0.977262626291832	0.916929695259039
EmoDiss	=~	MHWdfinancial	3	3	.p25.	1.00374422061922	0.0132697084354963	75.6417690334642	0	0.9777360700003	1.02975237123814	0.982523105546693	0.857793498058366
QualEngag	=~	QIadmin	3	3		1	0	NA	NA	1	1	0.966203856378165	0.891268840064409
QualEngag	=~	QIstudent	3	3	.p27.	0.990304948427159	0.012072855305772	82.0274014179311	0	0.966642586837283	1.01396731001704	0.956836460160701	0.884855604674823
QualEngag	=~	QIadvisor	3	3	.p28.	0.997213805043733	0.0112933157211405	88.3012420503752	0	0.975079312964258	1.01934829712321	0.963511824066798	0.913310937543024
QualEngag	=~	QIfaculty	3	3	.p29.	0.999567940586078	0.010960008556151	91.2013832347878	0	0.978086718545771	1.02104916262638	0.965786398906249	0.933847799656763
QualEngag	=~	QIstaff	3	3	.p30.	0.98929556718156	0.0113580203986185	87.1010556823697	0	0.967034256264597	1.01155687809852	0.955861192108648	0.907566265245318
sbvalued	~~	sbvalued	3	3		0.126484240469422	0.0101505148959325	12.4608694008327	0	0.106589596848857	0.146378884089987	0.126484240469422	0.213626705641932
sbmyself	~~	sbmyself	3	3		0.201625503605048	0.0124711701807638	16.1673283807838	0	0.177182459205681	0.226068548004415	0.201625503605048	0.313735499783747
sbcommunity	~~	sbcommunity	3	3		0.110102250744599	0.00938101156827487	11.7367140998896	0	0.0917158059322264	0.128488695556971	0.110102250744599	0.187852589981645
pganalyze	~~	pganalyze	3	3		0.220273093281788	0.0117973036072526	18.6714778745179	0	0.197150803096889	0.243395383466688	0.220273093281788	0.455058717297041
pgthink	~~	pgthink	3	3		0.177910711277673	0.0107623672148658	16.5308159186326	0	0.156816859148141	0.199004563407204	0.177910711277673	0.399878512409842
pgwork	~~	pgwork	3	3		0.214697486623742	0.0117701463121266	18.2408511271048	0	0.191628423759207	0.237766549488277	0.214697486623742	0.452408532862598
pgvalues	~~	pgvalues	3	3		0.255745465193347	0.015173992182957	16.8541977687714	0	0.226004987013059	0.285485943373635	0.255745465193347	0.498131404031768
pgprobsolve	~~	pgprobsolve	3	3		0.187645144435956	0.0107714861882789	17.4205435680866	0	0.166533419446959	0.208756869424953	0.187645144435956	0.42281975490822
SEacademic	~~	SEacademic	3	3		0.162885665494207	0.010055489270409	16.1986812490112	0	0.143177268677276	0.182594062311137	0.162885665494207	0.300426299859951
SEwellness	~~	SEwellness	3	3		0.179843364866351	0.0115176466762664	15.6145929738356	0	0.157269192194211	0.20241753753849	0.179843364866351	0.311598335324545
SEnonacad	~~	SEnonacad	3	3		0.251900885127672	0.013696435577766	18.3917110183465	0	0.225056364678678	0.278745405576667	0.251900885127672	0.394602031465863
SEactivities	~~	SEactivities	3	3		0.294297900404632	0.0157201632075918	18.7210461188155	0	0.263486946686661	0.325108854122604	0.294297900404632	0.449517304490993
SEdiverse	~~	SEdiverse	3	3		0.228637803463944	0.0123169048537633	18.5629268211881	0	0.204497113549562	0.252778493378327	0.228637803463944	0.3737193364899
sameinst	~~	sameinst	3	3		0.0971614284908864	0.0153480123153958	6.33055450401369	2.44281705974458e-10	0.0670798771184335	0.127242979863339	0.0971614284908864	0.224309335218724
evalexp	~~	evalexp	3	3		0.123169392727191	0.0145936220628992	8.43994672442007	0	0.0945664190799192	0.151772366374462	0.123169392727191	0.282197460759057
MHWdacad	~~	MHWdacad	3	3		0.221383443733229	0.013999555796732	15.8136048705851	0	0.193944818572075	0.248822068894382	0.221383443733229	0.187685216907685
MHWdlonely	~~	MHWdlonely	3	3		0.146438400324763	0.00928517608324584	15.7712033688835	0	0.128239789611489	0.164637011038038	0.146438400324763	0.132557169457971
MHWdmental	~~	MHWdmental	3	3		0.127782371087539	0.00844457374124586	15.1318912005483	0	0.111231310689905	0.144333431485174	0.127782371087539	0.119358016579466
MHWdexhaust	~~	MHWdexhaust	3	3		0.145551202047534	0.00928857428681449	15.6699184991339	0	0.127345930977652	0.163756473117415	0.145551202047534	0.13134611931757
MHWdsleep	~~	MHWdsleep	3	3		0.180884974774001	0.0108836586590174	16.6198684138383	0	0.1595533957823	0.202216553765703	0.180884974774001	0.159239933952166
MHWdfinancial	~~	MHWdfinancial	3	3		0.346606686572601	0.019190975370124	18.0609208176146	0	0.308993066018963	0.384220307126239	0.346606686572601	0.264190314688792
QIadmin	~~	QIadmin	3	3		0.241672578028924	0.0127517811021824	18.9520645070957	0	0.216679546329908	0.26666560972794	0.241672578028924	0.205639854730243
QIstudent	~~	QIstudent	3	3		0.253776561138366	0.0151716182066769	16.727059545084	0	0.224040735866087	0.283512386410645	0.253776561138366	0.217030558875553
QIadvisor	~~	QIadvisor	3	3		0.18459785070293	0.0121847866407018	15.1498631979573	0	0.16071610772785	0.20847959367801	0.18459785070293	0.165863131364282
QIfaculty	~~	QIfaculty	3	3		0.13682849658068	0.00894802921254777	15.2914673533706	0	0.119290681591474	0.154366311569886	0.13682849658068	0.127928287076223
QIstaff	~~	QIstaff	3	3		0.195588404772532	0.011903160353217	16.431636554377	0	0.172258639178021	0.218918170367042	0.195588404772532	0.176323474188665
Belong	~~	Belong	3	3		0.349024990123458	0.0221798375060879	15.7361382844963	0	0.305553307428575	0.392496672818341	0.749629887363303	0.749629887363303
Gains	~~	Gains	3	3		0.245832368993767	0.0148504176801372	16.5539026772676	0	0.216726085185321	0.274938652802213	0.931955861891461	0.931955861891461
SupportEnv	~~	SupportEnv	3	3		0.293520503705239	0.018049806529521	16.2616980533934	0	0.258143532979462	0.328897474431016	0.77385581825435	0.77385581825435
Satisf	~~	Satisf	3	3		0.279662481388673	0.021595229723783	12.9501971021257	0	0.237336608892189	0.321988353885156	0.832336804577174	0.832336804577174
DevAdj	~~	DevAdj	3	3		0.116571427531519	0.0169433794280204	6.88005766657963	5.98276983510004e-12	0.0833630140762025	0.149779840986836	1	1
EmoDiss	~~	EmoDiss	3	3		0.958163072400316	0.0440540448641546	21.7497184504832	0	0.871818731093261	1.04450741370737	1	1
QualEngag	~~	QualEngag	3	3		0.933549892080038	0.0453458433218254	20.5873311353923	0	0.844673672320664	1.02242611183941	1	1
DevAdj	~~	EmoDiss	3	3		-0.246193827919062	0.0227867851893814	-10.804237011625	0	-0.2908551062137	-0.201532549624424	-0.736650332077528	-0.736650332077528
DevAdj	~~	QualEngag	3	3		0.189755433774306	0.0197545627656567	9.60565090836614	0	0.151037202223283	0.228473665325329	0.575213932970263	0.575213932970263
EmoDiss	~~	QualEngag	3	3		-0.204015906378489	0.0362723809397605	-5.62455237546467	1.85989619261306e-08	-0.275108466653937	-0.132923346103042	-0.215712617164968	-0.215712617164968
sbvalued	~1		3	3		2.46941871180537	0.0265829273280823	92.8949126380325	0	2.41731713163869	2.52152029197206	2.46941871180537	3.20925552596051
sbmyself	~1		3	3		2.4662757777319	0.0269058309972303	91.6632449667058	0	2.41354131800321	2.5190102374606	2.4662757777319	3.07645620014138
sbcommunity	~1		3	3		2.48895635487402	0.0256006244078527	97.2224862652396	0	2.43878005305289	2.53913265669514	2.48895635487402	3.25108089658728
pganalyze	~1		3	3		2.73725651588675	0.0231981169545504	117.994771784691	0	2.69178904214668	2.78272398962682	2.73725651588675	3.93430923340111
pgthink	~1		3	3		2.70668395260921	0.0222303960612004	121.755993242661	0	2.66311317696719	2.75025472825122	2.70668395260921	4.05789246569373
pgwork	~1		3	3		2.7112496632487	0.0226983771875898	119.446850355939	0	2.66676166145351	2.75573766504388	2.7112496632487	3.93569490600584
pgvalues	~1		3	3		2.7075187912348	0.0243553629192798	111.167252986878	0	2.6597831570826	2.75525442538699	2.7075187912348	3.77867438580791
pgprobsolve	~1		3	3		2.73903524706712	0.0221290024963	123.775811744117	0	2.69566319916058	2.78240729497367	2.73903524706712	4.1115596048882
SEacademic	~1		3	3		2.49541901830872	0.025021849609094	99.7295986225488	0	2.44637709424832	2.54446094236912	2.49541901830872	3.38899573139189
SEwellness	~1		3	3		2.47727993329559	0.0258184198497292	95.9500987168887	0	2.42667676025239	2.5278831063388	2.47727993329559	3.26080958839415
SEnonacad	~1		3	3		2.46713025452056	0.0272048367817251	90.6871919252924	0	2.41380975422309	2.52045075481803	2.46713025452056	3.08785494471085
SEactivities	~1		3	3		2.46735022167958	0.0270986265121674	91.0507482942627	0	2.41423788968523	2.52046255367393	2.46735022167958	3.04937211266955
SEdiverse	~1		3	3		2.45707078918413	0.0256251746846807	95.8850356892601	0	2.40684636970461	2.50729520866366	2.45707078918413	3.14135077335735
sameinst	~1		3	3		2.63463842534487	0.0223858310796885	117.69223201793	0	2.59076300266469	2.67851384802506	2.63463842534487	4.00311208294257
evalexp	~1		3	3		2.65614877061388	0.0219924937330626	120.775242810266	0	2.61304427496686	2.69925326626091	2.65614877061388	4.02047667498537
MHWdacad	~1		3	3		3.99708426058765	0.0374852332978268	106.6309025965	0	3.92361455337182	4.07055396780347	3.99708426058765	3.6803215730322
MHWdlonely	~1		3	3		3.99767763814441	0.0363622313603619	109.940382880415	0	3.92640897428058	4.06894630200823	3.99767763814441	3.80348662830649
MHWdmental	~1		3	3		4.00142077805292	0.0362871864623903	110.270901884338	0	3.93029919948634	4.07254235661949	4.00142077805292	3.86727048301222
MHWdexhaust	~1		3	3		3.99072937686639	0.0356657161862558	111.892590520985	0	3.9208258576585	4.06063289607427	3.99072937686639	3.79099317629842
MHWdsleep	~1		3	3		3.98952231365319	0.0363487513982284	109.756791091526	0	3.91828007002966	4.06076455727671	3.98952231365319	3.74322252879725
MHWdfinancial	~1		3	3		4.01349633577586	0.0390242254383173	102.846277938807	0	3.93701025939218	4.08998241215953	4.01349633577586	3.50398992336572
QIadmin	~1		3	3		4.57732225182627	0.037274270745945	122.801121530305	0	4.50426602361422	4.65037848003832	4.57732225182627	4.22232292601146
QIstudent	~1		3	3		4.56544124140444	0.036586153463908	124.786040869484	0	4.49373369828233	4.63714878452656	4.56544124140444	4.22199240776404
QIadvisor	~1		3	3		4.55997517461221	0.0358258135110114	127.2818319453	0	4.48975787041378	4.63019247881064	4.55997517461221	4.32239137898661
QIfaculty	~1		3	3		4.54142794169093	0.0351513917598187	129.19624840807	0	4.47253247983523	4.61032340354663	4.54142794169093	4.39124271728277
QIstaff	~1		3	3		4.52485679425105	0.0362153785445816	124.94296556036	0	4.45387595661718	4.59583763188491	4.52485679425105	4.29623821474442
Belong	~1		3	3		0	0	NA	NA	0	0	0	0
Gains	~1		3	3		0	0	NA	NA	0	0	0	0
SupportEnv	~1		3	3		0	0	NA	NA	0	0	0	0
Satisf	~1		3	3		0	0	NA	NA	0	0	0	0
DevAdj	~1		3	3		0	0	NA	NA	0	0	0	0
EmoDiss	~1		3	3		0	0	NA	NA	0	0	0	0
QualEngag	~1		3	3		0	0	NA	NA	0	0	0	0
