lhs	op	rhs	block	group	label	est	se	z	pvalue	ci.lower	ci.upper	std.lv	std.all
Belong	=~	sbvalued	1	1		1	0	NA	NA	1	1	0.683926125611874	0.881499640509941
Belong	=~	sbmyself	1	1	.p2.	0.986924730878229	0.0134655677668249	73.2924706902977	0	0.960532703023869	1.01331675873259	0.674983607460088	0.841963439957566
Belong	=~	sbcommunity	1	1	.p3.	1.01320676155733	0.0126573054182883	80.0491675023786	0	0.988398898796156	1.03801462431849	0.692958574875655	0.888610042445551
Gains	=~	pganalyze	1	1		1	0	NA	NA	1	1	0.535298051326711	0.722270754381518
Gains	=~	pgthink	1	1	.p5.	1.00993597775387	0.0208288002602208	48.4874772015874	0	0.969112279402663	1.05075967610509	0.540616760856385	0.789438433156047
Gains	=~	pgwork	1	1	.p6.	0.961920841220773	0.0203454112166905	47.2794986041695	0	0.922044567985402	1.00179711445614	0.51491435183603	0.751080013913811
Gains	=~	pgvalues	1	1	.p7.	0.983280256459264	0.0209702205450023	46.8893617188782	0	0.942179379443197	1.02438113347533	0.526348005190672	0.713135749835517
Gains	=~	pgprobsolve	1	1	.p8.	1.02619318081542	0.0209322452242245	49.0245155177061	0	0.985166734060384	1.06721962757046	0.549319209975256	0.771994971027395
SupportEnv	=~	SEacademic	1	1		1	0	NA	NA	1	1	0.61747762647027	0.830854507185015
SupportEnv	=~	SEwellness	1	1	.p10.	0.991804537082753	0.0156700509763168	63.2930000407616	0	0.961091801533266	1.02251727263224	0.612417111480304	0.800106827726052
SupportEnv	=~	SEnonacad	1	1	.p11.	0.985832645789972	0.0161462302966325	61.056520790217	0	0.954186615922483	1.01747867565746	0.608729602219299	0.763223934981538
SupportEnv	=~	SEactivities	1	1	.p12.	1.00857127433833	0.0168132608693011	59.9866547113328	0	0.97561788857182	1.04152466010483	0.622770196604526	0.764115327269509
SupportEnv	=~	SEdiverse	1	1	.p13.	1.0057040242517	0.01631287135862	61.6509504760035	0	0.973731383904368	1.03767666459903	0.620999733826538	0.774089213822757
Satisf	=~	sameinst	1	1		1	0	NA	NA	1	1	0.589529554840268	0.862680169637892
Satisf	=~	evalexp	1	1	.p15.	1.02830981556542	0.024062957507457	42.7341408572386	0	0.981147285489282	1.07547234564155	0.606219027808157	0.877873686232654
DevAdj	=~	Belong	1	1		1	0	NA	NA	1	1	0.504861900061854	0.504861900061854
DevAdj	=~	Gains	1	1	.p17.	0.532856376655907	0.0330632621011206	16.1162675064009	0	0.468053573726302	0.597659179585511	0.343713267326825	0.343713267326825
DevAdj	=~	SupportEnv	1	1	.p18.	0.877709090199463	0.0397248126753669	22.0947320097428	0	0.799849888063144	0.955568292335783	0.490807467141493	0.490807467141493
DevAdj	=~	Satisf	1	1	.p19.	0.947233449335172	0.0422505016303886	22.4194604272787	0	0.86442398781086	1.03004291085948	0.554795889383451	0.554795889383451
EmoDiss	=~	MHWdacad	1	1		1	0	NA	NA	1	1	1.05089920934788	0.914252926461467
EmoDiss	=~	MHWdlonely	1	1	.p21.	0.998979613099773	0.0102677651021287	97.2927996660795	0	0.978855163297883	1.01910406290166	1.0498268855612	0.937114685476274
EmoDiss	=~	MHWdmental	1	1	.p22.	1.00735530856429	0.0095687841536076	105.275162694991	0	0.988600836247385	1.0261097808812	1.0586288973026	0.943570848253041
EmoDiss	=~	MHWdexhaust	1	1	.p23.	1.00502540391829	0.00987214909545125	101.804115213513	0	0.985676347241201	1.02437446059539	1.05618040235227	0.94403983777324
EmoDiss	=~	MHWdsleep	1	1	.p24.	1.00722343059149	0.0104492409441916	96.3920189007959	0	0.986743294675091	1.02770356650789	1.05849030684525	0.926890720611828
EmoDiss	=~	MHWdfinancial	1	1	.p25.	0.992127082656633	0.0115724222956879	85.7320150705454	0	0.969445551743196	1.01480861357007	1.04262556673647	0.892489062021301
QualEngag	=~	QIadmin	1	1		1	0	NA	NA	1	1	0.96450657941879	0.891944900296493
QualEngag	=~	QIstudent	1	1	.p27.	0.99726179900285	0.00975424389760652	102.238759812799	0	0.978143832267121	1.01637976573858	0.961865566541268	0.909325014798071
QualEngag	=~	QIadvisor	1	1	.p28.	0.994117823218937	0.00967787577969631	102.720663691979	0	0.97514953524388	1.01308611119399	0.958833181212151	0.915381829021895
QualEngag	=~	QIfaculty	1	1	.p29.	0.995512952959152	0.00942318667551769	105.645042090229	0	0.97704384645554	1.01398205946276	0.960178793025731	0.926968487471867
QualEngag	=~	QIstaff	1	1	.p30.	0.99534922654607	0.0095344495366065	104.39503851004	0	0.976662048841907	1.01403640425023	0.960020877823089	0.901639599463122
sbvalued	~~	sbvalued	1	1		0.134214029765605	0.0111022264854268	12.0889291838695	0	0.112454065705962	0.155973993825249	0.134214029765605	0.222958383780844
sbmyself	~~	sbmyself	1	1		0.187084823119426	0.0129221835328955	14.4778026595251	0	0.161757808793335	0.212411837445518	0.187084823119426	0.291097565774823
sbcommunity	~~	sbcommunity	1	1		0.127932370022819	0.0114400236785321	11.1828763311821	0	0.105510335630611	0.150354404415027	0.127932370022819	0.210372192464916
pganalyze	~~	pganalyze	1	1		0.262732807164196	0.0142269835607795	18.4672180186171	0	0.234848431776425	0.290617182551968	0.262732807164196	0.478324957365152
pgthink	~~	pgthink	1	1		0.176700730503923	0.0106240340648104	16.6321690448266	0	0.155878006366368	0.197523454641478	0.176700730503923	0.376786960256126
pgwork	~~	pgwork	1	1		0.204862911924899	0.0119008453019758	17.2141479640011	0	0.181537683747444	0.228188140102354	0.204862911924899	0.435878812699229
pgvalues	~~	pgvalues	1	1		0.267713179863473	0.014766226180364	18.1301015299004	0	0.238771908362387	0.296654451364559	0.267713179863473	0.491437402306536
pgprobsolve	~~	pgprobsolve	1	1		0.204563215739522	0.0121103334895129	16.891625314585	0	0.180827398259308	0.228299033219737	0.204563215739522	0.404023764708411
SEacademic	~~	SEacademic	1	1		0.171043571040244	0.0104863958702953	16.3109969484136	0	0.150490612806836	0.191596529273653	0.171043571040244	0.309680787890346
SEwellness	~~	SEwellness	1	1		0.210811801701885	0.011891420058313	17.7280594469046	0	0.187505046662555	0.234118556741216	0.210811801701885	0.359829064226154
SEnonacad	~~	SEnonacad	1	1		0.26557681108735	0.0150110616353046	17.6920738545726	0	0.236155670912442	0.294997951262258	0.26557681108735	0.417489225071298
SEactivities	~~	SEactivities	1	1		0.276416850691283	0.0160305557769658	17.2431233537433	0	0.244997538716269	0.307836162666296	0.276416850691283	0.416127766631811
SEdiverse	~~	SEdiverse	1	1		0.257936747008519	0.0143650685868715	17.9558312199255	0	0.229781729942803	0.286091764074235	0.257936747008519	0.400785889043267
sameinst	~~	sameinst	1	1		0.119449155599694	0.012801726082379	9.33070703364834	0	0.0943582335382837	0.144540077661104	0.119449155599694	0.255782924913538
evalexp	~~	evalexp	1	1		0.109363069116172	0.0134183693320104	8.15025033297293	4.44089209850063e-16	0.0830635484941744	0.135662589738169	0.109363069116172	0.229337791020292
MHWdacad	~~	MHWdacad	1	1		0.216874274297123	0.0150093842565871	14.449245258142	0	0.18745642172409	0.246292126870156	0.216874274297123	0.164141586456643
MHWdlonely	~~	MHWdlonely	1	1		0.152881334419937	0.0107033780936884	14.2834657508818	0	0.131903098843393	0.173859569996481	0.152881334419937	0.121816066264703
MHWdmental	~~	MHWdmental	1	1		0.138051890442479	0.0103434069550247	13.346848967923	0	0.117779185333189	0.158324595551768	0.138051890442479	0.109674054327036
MHWdexhaust	~~	MHWdexhaust	1	1		0.136169452603734	0.0100640696323833	13.5302573986153	0	0.116444238586359	0.155894666621108	0.136169452603734	0.108788784697076
MHWdsleep	~~	MHWdsleep	1	1		0.183715707876087	0.0119901012410865	15.3222816206546	0	0.160215541272569	0.207215874479606	0.183715707876087	0.140873592043686
MHWdfinancial	~~	MHWdfinancial	1	1		0.277675117906771	0.0161816568754437	17.1598693535613	0	0.245959653220716	0.309390582592825	0.277675117906771	0.203463274172338
QIadmin	~~	QIadmin	1	1		0.239049636773601	0.0146973610084664	16.2647999621086	0	0.210243338529224	0.267855935017979	0.239049636773601	0.204434294835079
QIstudent	~~	QIstudent	1	1		0.193712584229205	0.0116608584114837	16.6122061853041	0	0.170857721713876	0.216567446744534	0.193712584229205	0.173128017462489
QIadvisor	~~	QIadvisor	1	1		0.177828158864248	0.0118392320387698	15.0202444112857	0	0.154623690463646	0.201032627264849	0.177828158864248	0.16207610709653
QIfaculty	~~	QIfaculty	1	1		0.15099382478941	0.00993303018963444	15.2011845234276	0	0.131525443360377	0.170462206218443	0.15099382478941	0.14072942323412
QIstaff	~~	QIstaff	1	1		0.212052746586058	0.0128403257968584	16.5145923819114	0	0.186886170474455	0.237219322697662	0.212052746586058	0.187046032679982
Belong	~~	Belong	1	1		0.348530974348217	0.0202875553673288	17.1795451959428	0	0.308768096493891	0.388293852202544	0.745114461865935	0.745114461865935
Gains	~~	Gains	1	1		0.252692036098912	0.0149880949559246	16.8595166258289	0	0.223315909788434	0.282068162409391	0.881861189863518	0.881861189863518
SupportEnv	~~	SupportEnv	1	1		0.289431661571024	0.0172976190370972	16.7324567011389	0	0.255528951240019	0.323334371902029	0.759108030198153	0.759108030198153
Satisf	~~	Satisf	1	1		0.240571244130997	0.0179387047105952	13.410736617394	0	0.205412028968932	0.275730459293063	0.692201521123226	0.692201521123226
DevAdj	~~	DevAdj	1	1		0.119223970946251	0.0139856091707917	8.52476066578813	0	0.0918126806696461	0.146635261222856	1	1
EmoDiss	~~	EmoDiss	1	1		1.10438914820799	0.0666673327209393	16.5656717185735	0	0.973723577129602	1.23505471928638	1	1
QualEngag	~~	QualEngag	1	1		0.930272941742135	0.0447684353986856	20.7796616847916	0	0.842528420716503	1.01801746276777	1	1
DevAdj	~~	EmoDiss	1	1		-0.302891780422164	0.0265138564401981	-11.4239051231697	0	-0.354857984136217	-0.25092557670811	-0.834727326867529	-0.834727326867529
DevAdj	~~	QualEngag	1	1		0.200186857687289	0.0175754454374355	11.390144187236	0	0.165739617617667	0.234634097756912	0.601102558798702	0.601102558798702
EmoDiss	~~	QualEngag	1	1		-0.276280742814999	0.0382750796875778	-7.21829307920856	5.26467758277249e-13	-0.351298520508052	-0.201262965121946	-0.272573954621924	-0.272573954621924
sbvalued	~1		1	1		2.40389324735635	0.027817419155585	86.4168323420367	0	2.34937210766855	2.45841438704415	2.40389324735635	3.0983332176017
sbmyself	~1		1	1		2.40805483774315	0.028283952335933	85.138555218249	0	2.35261930982427	2.46349036566203	2.40805483774315	3.00376796174649
sbcommunity	~1		1	1		2.382611755627	0.0278856851796035	85.4421091065648	0	2.32795681699075	2.43726669426324	2.382611755627	3.05532366588997
pganalyze	~1		1	1		2.98588505225614	0.0256395571356018	116.456186683119	0	2.9356324436908	3.03613766082148	2.98588505225614	4.02881617791148
pgthink	~1		1	1		2.94891621054994	0.0241178518747526	122.27109718826	0	2.90164608949095	2.99618633160893	2.94891621054994	4.30617021395576
pgwork	~1		1	1		2.98539650782264	0.0239094588533474	124.862571174616	0	2.93853482958023	3.03225818606504	2.98539650782264	4.35464974444469
pgvalues	~1		1	1		2.96222899448559	0.0254700558827768	116.302414416322	0	2.91230860227113	3.01214938670006	2.96222899448559	4.01344998809626
pgprobsolve	~1		1	1		2.96133730470186	0.0247582413801344	119.610163712112	0	2.91281204327624	3.00986256612747	2.96133730470186	4.16176508163375
SEacademic	~1		1	1		2.64109962509709	0.0261760827776045	100.897435553525	0	2.58979544559665	2.69240380459753	2.64109962509709	3.55376362376139
SEwellness	~1		1	1		2.65230893270166	0.0279261475969189	94.9758259171518	0	2.59757468918475	2.70704317621857	2.65230893270166	3.46517177020722
SEnonacad	~1		1	1		2.64433142812101	0.0283512684215956	93.2703041288545	0	2.58876396309865	2.69989889314336	2.64433142812101	3.31545735677692
SEactivities	~1		1	1		2.62011223379609	0.0288380096629634	90.8562090247543	0	2.56359077347086	2.67663369412131	2.62011223379609	3.21477798379826
SEdiverse	~1		1	1		2.65464457180784	0.0289407531017105	91.7268656582034	0	2.59792173804302	2.71136740557265	2.65464457180784	3.30907022601651
sameinst	~1		1	1		2.80218855616563	0.0241641420098217	115.964744580075	0	2.75482770810907	2.84954940422219	2.80218855616563	4.10054505180035
evalexp	~1		1	1		2.80471057730691	0.025250858292448	111.073871027415	0	2.75521980447498	2.85420135013883	2.80471057730691	4.06153799265982
MHWdacad	~1		1	1		4.41651812597349	0.0420006726153504	105.153509478782	0	4.33419832032095	4.49883793162603	4.41651812597349	3.84224727312051
MHWdlonely	~1		1	1		4.39505853039478	0.040595263626348	108.265303333126	0	4.31549327574423	4.47462378504533	4.39505853039478	3.92319338455409
MHWdmental	~1		1	1		4.41282686340752	0.0398078060210456	110.853305029535	0	4.33480499730271	4.49084872951232	4.41282686340752	3.93321474343718
MHWdexhaust	~1		1	1		4.38715835424578	0.0399395682983949	109.844911729356	0	4.30887823882285	4.46543846966871	4.38715835424578	3.92134928067558
MHWdsleep	~1		1	1		4.39378160587883	0.0417814567109673	105.161043959616	0	4.31189145550372	4.47567175625395	4.39378160587883	3.84751317281494
MHWdfinancial	~1		1	1		4.43432269866792	0.0415083779918221	106.829582681876	0	4.35296777274728	4.51567762458857	4.43432269866792	3.79578693664837
QIadmin	~1		1	1		4.85829917392812	0.0384034338990561	126.506894844305	0	4.7830298266033	4.93356852125293	4.85829917392812	4.49280001273927
QIstudent	~1		1	1		4.87618580610162	0.038246881162671	127.492377361759	0	4.8012232965018	4.95114831570144	4.87618580610162	4.60983102476126
QIadvisor	~1		1	1		4.88174506969693	0.0378005005231288	129.144984911244	0	4.80765745007401	4.95583268931985	4.88174506969693	4.66051949210658
QIfaculty	~1		1	1		4.85755566663325	0.0361730264260541	134.286681170104	0	4.78665783762637	4.92845349564013	4.85755566663325	4.68954434509027
QIstaff	~1		1	1		4.85384281860599	0.0378953671051007	128.085388515808	0	4.77956926389907	4.92811637331291	4.85384281860599	4.55866845807424
Belong	~1		1	1		0	0	NA	NA	0	0	0	0
Gains	~1		1	1		0	0	NA	NA	0	0	0	0
SupportEnv	~1		1	1		0	0	NA	NA	0	0	0	0
Satisf	~1		1	1		0	0	NA	NA	0	0	0	0
DevAdj	~1		1	1		0	0	NA	NA	0	0	0	0
EmoDiss	~1		1	1		0	0	NA	NA	0	0	0	0
QualEngag	~1		1	1		0	0	NA	NA	0	0	0	0
Belong	=~	sbvalued	2	2		1	0	NA	NA	1	1	0.743352199136632	0.88961262940715
Belong	=~	sbmyself	2	2	.p2.	0.986924730878229	0.0134655677668249	73.2924706902977	0	0.960532703023869	1.01331675873259	0.73363266908066	0.856569889174311
Belong	=~	sbcommunity	2	2	.p3.	1.01320676155733	0.0126573054182883	80.0491675023786	0	0.988398898796157	1.03801462431849	0.753169474383743	0.911091635592152
Gains	=~	pganalyze	2	2		1	0	NA	NA	1	1	0.534600581921391	0.720472989260165
Gains	=~	pgthink	2	2	.p5.	1.00993597775387	0.0208288002602208	48.4874772015875	0	0.969112279402663	1.05075967610509	0.53991236141057	0.787537977268483
Gains	=~	pgwork	2	2	.p6.	0.961920841220773	0.0203454112166905	47.2794986041696	0	0.922044567985402	1.00179711445614	0.514243441478939	0.731807554048536
Gains	=~	pgvalues	2	2	.p7.	0.983280256459265	0.0209702205450023	46.8893617188783	0	0.942179379443199	1.02438113347533	0.525662197294938	0.706242644905348
Gains	=~	pgprobsolve	2	2	.p8.	1.02619318081542	0.0209322452242245	49.0245155177061	0	0.985166734060383	1.06721962757046	0.548603471627689	0.775706408090149
SupportEnv	=~	SEacademic	2	2		1	0	NA	NA	1	1	0.678230542003592	0.863830213460473
SupportEnv	=~	SEwellness	2	2	.p10.	0.991804537082753	0.0156700509763168	63.2930000407616	0	0.961091801533265	1.02251727263224	0.672672128747257	0.844417987629969
SupportEnv	=~	SEnonacad	2	2	.p11.	0.985832645789972	0.0161462302966325	61.056520790217	0	0.954186615922483	1.01747867565746	0.668621809678968	0.798668053872378
SupportEnv	=~	SEactivities	2	2	.p12.	1.00857127433833	0.0168132608693011	59.9866547113328	0	0.97561788857182	1.04152466010483	0.684043842043737	0.789339387114061
SupportEnv	=~	SEdiverse	2	2	.p13.	1.0057040242517	0.01631287135862	61.6509504760035	0	0.973731383904368	1.03767666459903	0.682099185463423	0.821769816552052
Satisf	=~	sameinst	2	2		1	0	NA	NA	1	1	0.659567102969795	0.903535736967959
Satisf	=~	evalexp	2	2	.p15.	1.02830981556542	0.024062957507457	42.7341408572386	0	0.981147285489282	1.07547234564155	0.678239326007885	0.896433399719621
DevAdj	=~	Belong	2	2		1	0	NA	NA	1	1	0.646262488333103	0.646262488333103
DevAdj	=~	Gains	2	2	.p17.	0.532856376655907	0.0330632621011206	16.1162675064009	0	0.468053573726303	0.597659179585512	0.478833271145464	0.478833271145464
DevAdj	=~	SupportEnv	2	2	.p18.	0.877709090199464	0.0397248126753668	22.0947320097428	0	0.799849888063144	0.955568292335783	0.621694223776636	0.621694223776636
DevAdj	=~	Satisf	2	2	.p19.	0.947233449335173	0.0422505016303886	22.4194604272787	0	0.86442398781086	1.03004291085948	0.68992458092831	0.68992458092831
EmoDiss	=~	MHWdacad	2	2		1	0	NA	NA	1	1	0.940440378915664	0.892262193888352
EmoDiss	=~	MHWdlonely	2	2	.p21.	0.998979613099773	0.0102677651021287	97.2927996660796	0	0.978855163297883	1.01910406290166	0.939480765872574	0.912275372323528
EmoDiss	=~	MHWdmental	2	2	.p22.	1.00735530856429	0.00956878415360761	105.275162694991	0	0.988600836247386	1.0261097808812	0.947357608088911	0.937815524463141
EmoDiss	=~	MHWdexhaust	2	2	.p23.	1.00502540391829	0.00987214909545125	101.804115213513	0	0.985676347241201	1.02437446059539	0.945166471680789	0.923994524413381
EmoDiss	=~	MHWdsleep	2	2	.p24.	1.00722343059149	0.0104492409441916	96.3920189007958	0	0.986743294675091	1.02770356650788	0.947233584718194	0.911339076488889
EmoDiss	=~	MHWdfinancial	2	2	.p25.	0.992127082656633	0.0115724222956879	85.7320150705456	0	0.969445551743197	1.01480861357007	0.933036369546097	0.864848733447504
QualEngag	=~	QIadmin	2	2		1	0	NA	NA	1	1	1.10416781486852	0.91801249519036
QualEngag	=~	QIstudent	2	2	.p27.	0.997261799002851	0.00975424389760653	102.238759812799	0	0.978143832267123	1.01637976573858	1.10114438145683	0.917911194275619
QualEngag	=~	QIadvisor	2	2	.p28.	0.994117823218938	0.00967787577969632	102.720663691979	0	0.97514953524388	1.013086111194	1.09767290458551	0.930129573079981
QualEngag	=~	QIfaculty	2	2	.p29.	0.995512952959152	0.00942318667551769	105.645042090229	0	0.977043846455539	1.01398205946276	1.09921336194222	0.940117260393774
QualEngag	=~	QIstaff	2	2	.p30.	0.995349226546071	0.0095344495366065	104.39503851004	0	0.976662048841907	1.01403640425023	1.09903258050645	0.932259560109083
sbvalued	~~	sbvalued	2	2		0.145639625408815	0.0108468128132628	13.4269511160676	0	0.124380262947773	0.166898987869858	0.145639625408815	0.208589369599296
sbmyself	~~	sbmyself	2	2		0.195336478550892	0.0119965454961234	16.2827272746153	0	0.171823681439594	0.21884927566219	0.195336478550892	0.266288024959909
sbcommunity	~~	sbcommunity	2	2		0.116114226471289	0.00907897449358041	12.7893548498668	0	0.0983197634473139	0.133908689495265	0.116114226471289	0.169912031554017
pganalyze	~~	pganalyze	2	2		0.26478604087283	0.0130191726135048	20.3381619349733	0	0.23926893144185	0.29030315030381	0.26478604087283	0.480918671746522
pgthink	~~	pgthink	2	2		0.178500780426339	0.00953610087049269	18.7184241075584	0	0.159810366167232	0.197191194685446	0.178500780426339	0.379783934359867
pgwork	~~	pgwork	2	2		0.22934533856722	0.011237546151538	20.4088450872196	0	0.207320152835598	0.251370524298841	0.22934533856722	0.464457703837499
pgvalues	~~	pgvalues	2	2		0.277673962519819	0.0128470433777345	21.6138417498505	0	0.252494220191635	0.302853704848002	0.277673962519819	0.501221326517099
pgprobsolve	~~	pgprobsolve	2	2		0.199209650100042	0.0105497561313755	18.8828677762116	0	0.178532508036865	0.219886792163218	0.199209650100042	0.398279568447879
SEacademic	~~	SEacademic	2	2		0.156453401719362	0.00925845401266109	16.898436985852	0	0.138307165302026	0.174599638136698	0.156453401719362	0.253797362312833
SEwellness	~~	SEwellness	2	2		0.182100294810719	0.0102546796961626	17.7577750067476	0	0.162001491933246	0.202199097688192	0.182100294810719	0.286958262166954
SEnonacad	~~	SEnonacad	2	2		0.253800318925344	0.0135991866178704	18.6629043381044	0	0.227146402935279	0.280454234915409	0.253800318925344	0.362129339723708
SEactivities	~~	SEactivities	2	2		0.283084696471023	0.0155459051843961	18.2095988051673	0	0.252615282202532	0.313554110739513	0.283084696471023	0.376943331950398
SEdiverse	~~	SEdiverse	2	2		0.223701783667828	0.0120522833833261	18.5609462168232	0	0.200079742305039	0.247323825030618	0.223701783667828	0.324694368604008
sameinst	~~	sameinst	2	2		0.0978486388930789	0.0119478411582057	8.18965012987949	2.22044604925031e-16	0.0744313005299904	0.121265977256167	0.0978486388930789	0.183623172021768
evalexp	~~	evalexp	2	2		0.112431289649222	0.0130192686572829	8.63576077956795	0	0.0869139919758966	0.137948587322548	0.112431289649222	0.196407159867122
MHWdacad	~~	MHWdacad	2	2		0.226478506330389	0.011727862037853	19.3111502846302	0	0.203492319120542	0.249464693540235	0.226478506330389	0.203868177357544
MHWdlonely	~~	MHWdlonely	2	2		0.177908152663897	0.0101779718767443	17.4797253144706	0	0.157959694349816	0.197856610977977	0.177908152663897	0.167753645051969
MHWdmental	~~	MHWdmental	2	2		0.122966685132494	0.00794834029907021	15.4707373496425	0	0.107388224409448	0.13854514585554	0.122966685132494	0.120502042075924
MHWdexhaust	~~	MHWdexhaust	2	2		0.153012366485825	0.00917078144489365	16.6847686214378	0	0.135037965143746	0.170986767827905	0.153012366485825	0.14623411885409
MHWdsleep	~~	MHWdsleep	2	2		0.183072950276792	0.0100257161241032	18.2603365196686	0	0.163422907754327	0.202722992799256	0.183072950276792	0.169461087664379
MHWdfinancial	~~	MHWdfinancial	2	2		0.293346268387456	0.0148895893215103	19.7014344756757	0	0.264163209572704	0.322529327202208	0.293346268387456	0.252036668254249
QIadmin	~~	QIadmin	2	2		0.22749511957461	0.0128136605504211	17.7541084906556	0	0.202380806385663	0.252609432763557	0.22749511957461	0.15725305867437
QIstudent	~~	QIstudent	2	2		0.226568554106104	0.0120043346828809	18.8738951463264	0	0.203040490469292	0.250096617742915	0.226568554106104	0.157439039423506
QIadvisor	~~	QIadvisor	2	2		0.187818706082939	0.0110055872222685	17.0657596264296	0	0.166248151498579	0.209389260667299	0.187818706082939	0.134858977282051
QIfaculty	~~	QIfaculty	2	2		0.158828921033053	0.00955644936381209	16.6200766609509	0	0.1400986244599	0.177559217606205	0.158828921033053	0.116179536709706
QIstaff	~~	QIstaff	2	2		0.181911820546928	0.0107181359576641	16.9723374722496	0	0.160904660088502	0.202918981005353	0.181911820546928	0.130892112585218
Belong	~~	Belong	2	2		0.321787715202269	0.0185391907971432	17.3571607694903	0	0.285451568937352	0.358123861467187	0.582344796173505	0.582344796173505
Gains	~~	Gains	2	2		0.220269694708229	0.0137721722431325	15.9938236916886	0	0.193276733122807	0.247262656293651	0.770718698444134	0.770718698444134
SupportEnv	~~	SupportEnv	2	2		0.282206250272156	0.0160637175306449	17.5679290758063	0	0.250721942454267	0.313690558090045	0.613496292122766	0.613496292122766
Satisf	~~	Satisf	2	2		0.227956843691245	0.0159595663372864	14.2833983626904	0	0.196676668461286	0.259237018921204	0.524004072630895	0.524004072630895
DevAdj	~~	DevAdj	2	2		0.230784776758997	0.0182022124920606	12.6789409177406	0	0.195109095835613	0.266460457682381	1	1
EmoDiss	~~	EmoDiss	2	2		0.884428106295038	0.040258768441496	21.9685832560996	0	0.805522370087768	0.963333842502308	1	1
QualEngag	~~	QualEngag	2	2		1.21918656339153	0.0520072812673794	23.4426129126699	0	1.11725416517362	1.32111896160943	1	1
DevAdj	~~	EmoDiss	2	2		-0.315966181692732	0.0196743009106447	-16.0598428949402	0	-0.3545271028986	-0.277405260486865	-0.69936799691597	-0.69936799691597
DevAdj	~~	QualEngag	2	2		0.381048601593153	0.0222171872068127	17.1510730879698	0	0.337503714830016	0.42459348835629	0.71835928458998	0.71835928458998
EmoDiss	~~	QualEngag	2	2		-0.333268449470299	0.0338549654064001	-9.8440050217064	0	-0.399622962364693	-0.266913936575906	-0.320942956737008	-0.320942956737008
sbvalued	~1		2	2		2.73675744595274	0.026770297727266	102.231117256694	0	2.68428862655189	2.7892262653536	2.73675744595274	3.27523614024597
sbmyself	~1		2	2		2.69430938660676	0.0272796338471732	98.7663324845525	0	2.64084228675486	2.74777648645866	2.69430938660676	3.14580360165683
sbcommunity	~1		2	2		2.7099818611502	0.0259434170320169	104.457398877172	0	2.65913369813154	2.76083002416885	2.7099818611502	3.27820217132488
pganalyze	~1		2	2		2.84752744750344	0.0234797155081781	121.27606258737	0	2.80150805074016	2.89354684426671	2.84752744750344	3.8375689841745
pgthink	~1		2	2		2.81346271123004	0.0216295593966574	130.074897025633	0	2.77106955381112	2.85585586864896	2.81346271123004	4.10383034560214
pgwork	~1		2	2		2.82889426162436	0.0219720766409181	128.749517301254	0	2.78582978274261	2.87195874050611	2.82889426162436	4.0257318290875
pgvalues	~1		2	2		2.84972182618555	0.0231123105819976	123.298872091362	0	2.80442252984533	2.89502112252577	2.84972182618555	3.82868520910694
pgprobsolve	~1		2	2		2.81910682330533	0.0218500888093424	129.020382841646	0	2.77628143618001	2.86193221043064	2.81910682330533	3.98611992272021
SEacademic	~1		2	2		2.72141317980415	0.0249205234308733	109.203692585071	0	2.67256985140376	2.77025650820455	2.72141317980415	3.46613545458989
SEwellness	~1		2	2		2.69551128344809	0.0252451467988582	106.773444611936	0	2.6460317049379	2.74499086195828	2.69551128344809	3.38372606256491
SEnonacad	~1		2	2		2.67370575379274	0.0269799481142681	99.0997366810637	0	2.62082602718401	2.72658548040146	2.67370575379274	3.1937387325644
SEactivities	~1		2	2		2.66486883027386	0.0271854268128281	98.0256388329489	0	2.61158637281636	2.71815128773135	2.66486883027386	3.07507472465959
SEdiverse	~1		2	2		2.72382572146325	0.0266871798496665	102.064951666195	0	2.67151981010896	2.77613163281754	2.72382572146325	3.28157225686446
sameinst	~1		2	2		2.89217389395472	0.0228874395742801	126.365113256479	0	2.8473153366908	2.93703245121865	2.89217389395472	3.961966051593
evalexp	~1		2	2		2.88134794586023	0.0235968696492876	122.107211197279	0	2.83509893119974	2.92759696052073	2.88134794586023	3.80829662308996
MHWdacad	~1		2	2		3.36514905631314	0.0329763703375497	102.04728482447	0	3.30051655811068	3.42978155451559	3.36514905631314	3.19275452975477
MHWdlonely	~1		2	2		3.39444933133646	0.0330669829685811	102.65373573881	0	3.32963923564064	3.45925942703228	3.39444933133646	3.29615319447459
MHWdmental	~1		2	2		3.39020661519684	0.0322104255813476	105.251841725433	0	3.32707534113069	3.45333788926299	3.39020661519684	3.35605938847418
MHWdexhaust	~1		2	2		3.37653030375566	0.033107677911837	101.986322107732	0	3.3116404474367	3.44142016007461	3.37653030375566	3.30089524508626
MHWdsleep	~1		2	2		3.39581683983849	0.0322334229350462	105.350798352425	0	3.33264049178736	3.45899318788963	3.39581683983849	3.26713561751986
MHWdfinancial	~1		2	2		3.37876680995604	0.0346064830114519	97.633926245494	0	3.31093934962199	3.44659427029008	3.37876680995604	3.13184168547095
QIadmin	~1		2	2		4.82535187563539	0.0381828971257204	126.374692306545	0	4.75051477244358	4.9001889788272	4.82535187563539	4.01182977430926
QIstudent	~1		2	2		4.81900291665183	0.0375817188203904	128.227315511637	0	4.74534410128676	4.89266173201691	4.81900291665183	4.01710874335057
QIadvisor	~1		2	2		4.81829688652127	0.0374698715758281	128.591230337431	0	4.7448572877273	4.89173648531523	4.81829688652127	4.08285601959442
QIfaculty	~1		2	2		4.80247186213383	0.0375386882848916	127.93392847631	0	4.72889738506857	4.8760463391991	4.80247186213383	4.1073797376062
QIstaff	~1		2	2		4.81776386947576	0.0379925750947749	126.808037029802	0	4.74329979061007	4.89222794834145	4.81776386947576	4.08669088190016
Belong	~1		2	2		0	0	NA	NA	0	0	0	0
Gains	~1		2	2		0	0	NA	NA	0	0	0	0
SupportEnv	~1		2	2		0	0	NA	NA	0	0	0	0
Satisf	~1		2	2		0	0	NA	NA	0	0	0	0
DevAdj	~1		2	2		0	0	NA	NA	0	0	0	0
EmoDiss	~1		2	2		0	0	NA	NA	0	0	0	0
QualEngag	~1		2	2		0	0	NA	NA	0	0	0	0
Belong	=~	sbvalued	3	3		1	0	NA	NA	1	1	0.646248651509839	0.860007773222337
Belong	=~	sbmyself	3	3	.p2.	0.986924730878228	0.0134655677668249	73.2924706902976	0	0.960532703023868	1.01331675873259	0.637798776471766	0.824405346347212
Belong	=~	sbcommunity	3	3	.p3.	1.01320676155732	0.0126573054182883	80.0491675023786	0	0.988398898796156	1.03801462431849	0.654783503357072	0.888774479447573
Gains	=~	pganalyze	3	3		1	0	NA	NA	1	1	0.516997092483229	0.725129816584736
Gains	=~	pgthink	3	3	.p5.	1.00993597775387	0.0208288002602208	48.4874772015874	0	0.969112279402663	1.05075967610509	0.52213396409296	0.787921209768414
Gains	=~	pgwork	3	3	.p6.	0.961920841220773	0.0203454112166905	47.2794986041695	0	0.922044567985402	1.00179711445614	0.497310278110162	0.736121583618392
Gains	=~	pgvalues	3	3	.p7.	0.983280256459264	0.0209702205450023	46.8893617188782	0	0.942179379443198	1.02438113347533	0.508353033685603	0.712141270536275
Gains	=~	pgprobsolve	3	3	.p8.	1.02619318081542	0.0209322452242245	49.0245155177062	0	0.985166734060383	1.06721962757046	0.530538890807691	0.772758383050308
SupportEnv	=~	SEacademic	3	3		1	0	NA	NA	1	1	0.60295385780889	0.820185790562297
SupportEnv	=~	SEwellness	3	3	.p10.	0.991804537082753	0.0156700509763168	63.2930000407616	0	0.961091801533266	1.02251727263224	0.598012371826406	0.816163052410182
SupportEnv	=~	SEnonacad	3	3	.p11.	0.985832645789972	0.0161462302966325	61.056520790217	0	0.954186615922483	1.01747867565746	0.594411596933009	0.768596230262377
SupportEnv	=~	SEactivities	3	3	.p12.	1.00857127433833	0.0168132608693011	59.9866547113327	0	0.97561788857182	1.04152466010483	0.608121940737522	0.74456011103677
SupportEnv	=~	SEdiverse	3	3	.p13.	1.0057040242517	0.01631287135862	61.6509504760035	0	0.973731383904368	1.03767666459903	0.606393121236487	0.785221468417132
Satisf	=~	sameinst	3	3		1	0	NA	NA	1	1	0.559457451838627	0.853307326516794
Satisf	=~	evalexp	3	3	.p15.	1.02830981556542	0.024062957507457	42.7341408572386	0	0.981147285489282	1.07547234564155	0.575295589116876	0.867838904984504
DevAdj	=~	Belong	3	3		1	0	NA	NA	1	1	0.429463675973454	0.429463675973454
DevAdj	=~	Gains	3	3	.p17.	0.532856376655907	0.0330632621011206	16.1162675064009	0	0.468053573726302	0.597659179585511	0.286054084684004	0.286054084684004
DevAdj	=~	SupportEnv	3	3	.p18.	0.877709090199464	0.0397248126753669	22.0947320097428	0	0.799849888063145	0.955568292335783	0.404010456018306	0.404010456018306
DevAdj	=~	Satisf	3	3	.p19.	0.947233449335173	0.0422505016303886	22.4194604272787	0	0.86442398781086	1.03004291085949	0.469911474361305	0.469911474361305
EmoDiss	=~	MHWdacad	3	3		1	0	NA	NA	1	1	0.931772537518707	0.893582225535531
EmoDiss	=~	MHWdlonely	3	3	.p21.	0.998979613099773	0.0102677651021287	97.2927996660795	0	0.978855163297884	1.01910406290166	0.930821769027432	0.916975656190312
EmoDiss	=~	MHWdmental	3	3	.p22.	1.00735530856429	0.00956878415360761	105.275162694991	0	0.988600836247384	1.0261097808812	0.938626012043891	0.931773657265458
EmoDiss	=~	MHWdexhaust	3	3	.p23.	1.00502540391829	0.00987214909545125	101.804115213513	0	0.9856763472412	1.02437446059539	0.936455070879713	0.922433982152096
EmoDiss	=~	MHWdsleep	3	3	.p24.	1.00722343059149	0.0104492409441916	96.3920189007957	0	0.98674329467509	1.02770356650788	0.938503131770527	0.909278848604405
EmoDiss	=~	MHWdfinancial	3	3	.p25.	0.992127082656631	0.0115724222956879	85.7320150705453	0	0.969445551743195	1.01480861357007	0.924436769348002	0.831386185311291
QualEngag	=~	QIadmin	3	3		1	0	NA	NA	1	1	0.99873218354895	0.893190941838102
QualEngag	=~	QIstudent	3	3	.p27.	0.997261799002848	0.00975424389760652	102.238759812798	0	0.97814383226712	1.01637976573858	0.995997454088069	0.910607248140847
QualEngag	=~	QIadvisor	3	3	.p28.	0.994117823218935	0.00967787577969631	102.720663691979	0	0.975149535243878	1.01308611119399	0.992857464288376	0.918174201217891
QualEngag	=~	QIfaculty	3	3	.p29.	0.99551295295915	0.00942318667551768	105.645042090229	0	0.977043846455537	1.01398205946276	0.994250825260154	0.93133998693765
QualEngag	=~	QIstaff	3	3	.p30.	0.99534922654607	0.0095344495366065	104.39503851004	0	0.976662048841906	1.01403640425023	0.994087306422114	0.919142195233143
sbvalued	~~	sbvalued	3	3		0.147032461305583	0.00690300620078969	21.2997724511334	0	0.133502817766979	0.160562104844188	0.147032461305583	0.260386629997157
sbmyself	~~	sbmyself	3	3		0.191742501726428	0.0078902226128092	24.3012790811692	0	0.176277949575319	0.207207053877538	0.191742501726428	0.320355824914134
sbcommunity	~~	sbcommunity	3	3		0.11402415441014	0.0062206701895284	18.3298826229501	0	0.101831864878962	0.126216443941318	0.11402415441014	0.210079924682695
pganalyze	~~	pganalyze	3	3		0.24104275840372	0.0085915798760718	28.055696610008	0	0.22420357127632	0.25788194553112	0.24104275840372	0.474186749099787
pgthink	~~	pgthink	3	3		0.166511379945908	0.00624441517586633	26.6656484644787	0	0.154272551096694	0.178750208795121	0.166511379945908	0.379180167197079
pgwork	~~	pgwork	3	3		0.209093133954716	0.00721517118256713	28.9796497773906	0	0.194951658294593	0.223234609614839	0.209093133954716	0.458125014131151
pgvalues	~~	pgvalues	3	3		0.251140947980756	0.00846066212378408	29.6833680752673	0	0.234558354932777	0.267723541028735	0.251140947980756	0.492854810798981
pgprobsolve	~~	pgprobsolve	3	3		0.189882271589322	0.00712924772652162	26.6342647742394	0	0.175909202808475	0.203855340370168	0.189882271589322	0.402844481425473
SEacademic	~~	SEacademic	3	3		0.176881903010044	0.00667092316572417	26.5153560632926	0	0.16380713386159	0.189956672158497	0.176881903010044	0.3272952689597
SEwellness	~~	SEwellness	3	3		0.179247915357955	0.00677906173733944	26.4414047700212	0	0.165961198503797	0.192534632212114	0.179247915357955	0.333877871880494
SEnonacad	~~	SEnonacad	3	3		0.244780699958266	0.00851435032416409	28.749192908303	0	0.228092879971147	0.261468519945384	0.244780699958266	0.409259834826464
SEactivities	~~	SEactivities	3	3		0.297273686775226	0.0100962520189366	29.4439645739485	0	0.277485396439271	0.317061977111182	0.297273686775226	0.445630241052913
SEdiverse	~~	SEdiverse	3	3		0.228668936552965	0.00814240372392183	28.0837138891984	0	0.212710118506493	0.244627754599436	0.228668936552965	0.383427245536843
sameinst	~~	sameinst	3	3		0.116863541454015	0.00909880744661963	12.8438305942425	0	0.0990302065563753	0.134696876351654	0.116863541454015	0.271866606512762
evalexp	~~	evalexp	3	3		0.108479307155574	0.00938784152238367	11.5552980839018	0	0.0900794758791323	0.126879138432016	0.108479307155574	0.246855634995297
MHWdacad	~~	MHWdacad	3	3		0.219103396435223	0.00808815492882571	27.0894163580314	0	0.203250904073345	0.234955888797102	0.219103396435223	0.201510806206967
MHWdlonely	~~	MHWdlonely	3	3		0.163998358169915	0.00651718946075324	25.1639697077275	0	0.151224901546415	0.176771814793415	0.163998358169915	0.159155645954346
MHWdmental	~~	MHWdmental	3	3		0.133743488248373	0.00567220128585261	23.5787627251435	0	0.12262617801504	0.144860798481705	0.133743488248373	0.131797851626152
MHWdexhaust	~~	MHWdexhaust	3	3		0.153683143165746	0.00629911454266917	24.3975787588432	0	0.141337105527622	0.16602918080387	0.153683143165746	0.149115548571026
MHWdsleep	~~	MHWdsleep	3	3		0.184524989677856	0.00715153983866297	25.8021340635298	0	0.170508229160073	0.198541750195639	0.184524989677856	0.173211975480648
MHWdfinancial	~~	MHWdfinancial	3	3		0.381787673443369	0.0124231842850981	30.7318691151778	0	0.357438679671273	0.406136667215465	0.381787673443369	0.308797010873539
QIadmin	~~	QIadmin	3	3		0.252820317942094	0.00932040561820683	27.1254630215047	0	0.234552658609104	0.271087977275084	0.252820317942094	0.202209941418364
QIstudent	~~	QIstudent	3	3		0.204328044516403	0.00778234767226575	26.2553220597655	0	0.189074923363593	0.219581165669213	0.204328044516403	0.170794439633354
QIadvisor	~~	QIadvisor	3	3		0.183527833478324	0.00716737228358981	25.6060137825578	0	0.169480041938697	0.19757562501795	0.183527833478324	0.156956136217889
QIfaculty	~~	QIfaculty	3	3		0.151125598871863	0.0062924865760475	24.0168329396404	0	0.138792551809608	0.163458645934118	0.151125598871863	0.132605828730979
QIstaff	~~	QIstaff	3	3		0.181515095927596	0.00730230203896219	24.8572429569612	0	0.167202846926997	0.195827344928195	0.181515095927596	0.155177624941998
Belong	~~	Belong	3	3		0.340608689536446	0.0127726760894097	26.6669793512463	0	0.315574704415007	0.365642674657885	0.815560951019368	0.815560951019368
Gains	~~	Gains	3	3		0.245414798841896	0.0107578965759399	22.8125263251524	0	0.224329709003647	0.266499888680145	0.918173060635597	0.918173060635597
SupportEnv	~~	SupportEnv	3	3		0.304212558807884	0.0119812828343066	25.3906499842252	0	0.280729675964055	0.327695441651713	0.83677555142788	0.83677555142788
Satisf	~~	Satisf	3	3		0.243878609097623	0.011560416795446	21.0960048770641	0	0.221220608532277	0.266536609662969	0.779183206263585	0.779183206263585
DevAdj	~~	DevAdj	3	3		0.0770286300418393	0.00725268247920085	10.6207089946018	0	0.0628136335913009	0.0912436264923776	1	1
EmoDiss	~~	EmoDiss	3	3		0.868200061674051	0.0281697866425059	30.8202569189505	0	0.812988294402562	0.92341182894554	1	1
QualEngag	~~	QualEngag	3	3		0.997465974456453	0.0339626981653985	29.3694561485895	0	0.930900309234467	1.06403163967844	1	1
DevAdj	~~	EmoDiss	3	3		-0.19106498263656	0.0102806029711904	-18.5849977060671	0	-0.211214594199448	-0.170915371073671	-0.738830994331254	-0.738830994331254
DevAdj	~~	QualEngag	3	3		0.186871439949334	0.0117607339454978	15.8894369020967	0	0.1638208249844	0.209922054914267	0.674167480943333	0.674167480943333
EmoDiss	~~	QualEngag	3	3		-0.23843478287336	0.0213077787103838	-11.1900346870584	0	-0.280197261736261	-0.196672304010458	-0.256218603293501	-0.256218603293501
sbvalued	~1		3	3		2.78803579921633	0.0158852975148404	175.510455288086	0	2.75690118820354	2.81917041022912	2.78803579921633	3.71023205038237
sbmyself	~1		3	3		2.78446088309516	0.0163275172801362	170.537922901646	0	2.75245953726914	2.81646222892118	2.78446088309516	3.59913584566111
sbcommunity	~1		3	3		2.76181106107625	0.0157469424156215	175.387131557453	0	2.73094762107501	2.7926745010775	2.76181106107625	3.74876149987856
pganalyze	~1		3	3		2.95146454449013	0.0153988511172108	191.667840803486	0	2.92128335089711	2.98164573808316	2.95146454449013	4.13966533839242
pgthink	~1		3	3		2.94626294533793	0.0142732693416673	206.41822660328	0	2.91828785148662	2.97423803918924	2.94626294533793	4.44602960893233
pgwork	~1		3	3		2.93456885708699	0.0144384874806353	203.246279156511	0	2.90626994163371	2.96286777254026	2.93456885708699	4.34376599358675
pgvalues	~1		3	3		2.94934508310476	0.0154308609999524	191.132891619843	0	2.91910115129441	2.97958901491511	2.94934508310476	4.13167664114132
pgprobsolve	~1		3	3		2.94012623962172	0.0149291255630018	196.938945098573	0	2.91086569119756	2.96938678804588	2.94012623962172	4.28245174530931
SEacademic	~1		3	3		2.73135133570865	0.0155568199816816	175.572600243807	0	2.70086052883058	2.76184214258672	2.73135133570865	3.71540131233663
SEwellness	~1		3	3		2.73143333869801	0.0155202381573984	175.991715526347	0	2.70101423087803	2.761852446518	2.73143333869801	3.72784088790363
SEnonacad	~1		3	3		2.72693775548306	0.0164084275570875	166.191290786129	0	2.69477782842824	2.75909768253789	2.72693775548306	3.52603160812935
SEactivities	~1		3	3		2.7222221367455	0.0175127484978049	155.442313186117	0	2.68789778041949	2.7565464930715	2.7222221367455	3.33297958949456
SEdiverse	~1		3	3		2.73458252323111	0.0163204171021801	167.555921280089	0	2.70259509349817	2.76656995296405	2.73458252323111	3.5410245090197
sameinst	~1		3	3		2.86626584585363	0.0141677465228549	202.30922689292	0	2.83849757292675	2.89403411878052	2.86626584585363	4.37174558668179
evalexp	~1		3	3		2.87314584287943	0.0141484179863154	203.071880238369	0	2.84541545318803	2.90087623257082	2.87314584287943	4.33416801608521
MHWdacad	~1		3	3		3.9703137303723	0.0225874759993761	175.7750060468	0	3.92604309091186	4.01458436983274	3.9703137303723	3.80758354255437
MHWdlonely	~1		3	3		3.96045794121186	0.0218522778064919	181.237762776166	0	3.91762826373098	4.00328761869275	3.96045794121186	3.90154553782235
MHWdmental	~1		3	3		3.97567879622153	0.02178693744009	182.479928955316	0	3.93297718350553	4.01838040893753	3.97567879622153	3.94665471075273
MHWdexhaust	~1		3	3		3.98215426248533	0.0217487635089058	183.097961447541	0	3.9395274692996	4.02478105567107	3.98215426248533	3.92253139324409
MHWdsleep	~1		3	3		3.96161704983704	0.0223543666940213	177.218934629742	0	3.91780329621955	4.00543080345452	3.96161704983704	3.8382552681435
MHWdfinancial	~1		3	3		3.97075496619984	0.0239918497448764	165.504327862332	0	3.92373180477738	4.01777812762229	3.97075496619984	3.57107260725153
QIadmin	~1		3	3		4.72304692353832	0.0241935907387789	195.218931101779	0	4.67562835703361	4.77046549004303	4.72304692353832	4.22393790794866
QIstudent	~1		3	3		4.71691207428245	0.0236205939099302	199.694897269262	0	4.67061656092554	4.76320758763936	4.71691207428245	4.31251536442671
QIadvisor	~1		3	3		4.70893137543636	0.0232865403023597	202.216873536993	0	4.6632905951192	4.75457215575353	4.70893137543636	4.35472306926762
QIfaculty	~1		3	3		4.718203407545	0.0229594442497009	205.501638290154	0	4.67320372371054	4.76320309137947	4.718203407545	4.41966090277304
QIstaff	~1		3	3		4.71681543233493	0.0230914410906125	204.26682829477	0	4.6715570394462	4.76207382522366	4.71681543233493	4.36121059285005
Belong	~1		3	3		0	0	NA	NA	0	0	0	0
Gains	~1		3	3		0	0	NA	NA	0	0	0	0
SupportEnv	~1		3	3		0	0	NA	NA	0	0	0	0
Satisf	~1		3	3		0	0	NA	NA	0	0	0	0
DevAdj	~1		3	3		0	0	NA	NA	0	0	0	0
EmoDiss	~1		3	3		0	0	NA	NA	0	0	0	0
QualEngag	~1		3	3		0	0	NA	NA	0	0	0	0
Belong	=~	sbvalued	4	4		1	0	NA	NA	1	1	0.631905334518793	0.850818857601115
Belong	=~	sbmyself	4	4	.p2.	0.986924730878229	0.0134655677668249	73.2924706902977	0	0.960532703023868	1.01331675873259	0.623643002210476	0.819875173206226
Belong	=~	sbcommunity	4	4	.p3.	1.01320676155733	0.0126573054182883	80.0491675023787	0	0.988398898796157	1.03801462431849	0.640250757598584	0.898329952706253
Gains	=~	pganalyze	4	4		1	0	NA	NA	1	1	0.489191198870222	0.703934614764296
Gains	=~	pgthink	4	4	.p5.	1.00993597775388	0.0208288002602208	48.4874772015874	0	0.969112279402664	1.05075967610509	0.494051791739588	0.773217413000777
Gains	=~	pgwork	4	4	.p6.	0.961920841220774	0.0203454112166905	47.2794986041695	0	0.922044567985403	1.00179711445614	0.470563209535043	0.695339609177975
Gains	=~	pgvalues	4	4	.p7.	0.983280256459265	0.0209702205450023	46.8893617188783	0	0.942179379443199	1.02438113347533	0.481012047482727	0.665711298876442
Gains	=~	pgprobsolve	4	4	.p8.	1.02619318081542	0.0209322452242245	49.0245155177061	0	0.985166734060384	1.06721962757046	0.502004672395544	0.766196431570195
SupportEnv	=~	SEacademic	4	4		1	0	NA	NA	1	1	0.539088609705294	0.755083481438376
SupportEnv	=~	SEwellness	4	4	.p10.	0.991804537082753	0.0156700509763168	63.2930000407615	0	0.961091801533266	1.02251727263224	0.534670528995344	0.778452261022441
SupportEnv	=~	SEnonacad	4	4	.p11.	0.985832645789972	0.0161462302966325	61.056520790217	0	0.954186615922483	1.01747867565746	0.531451150421008	0.704029100627521
SupportEnv	=~	SEactivities	4	4	.p12.	1.00857127433833	0.0168132608693011	59.9866547113328	0	0.97561788857182	1.04152466010483	0.543709286071745	0.719921270782511
SupportEnv	=~	SEdiverse	4	4	.p13.	1.0057040242517	0.01631287135862	61.6509504760035	0	0.973731383904368	1.03767666459903	0.542163584208868	0.7500017366421
Satisf	=~	sameinst	4	4		1	0	NA	NA	1	1	0.490651439461283	0.832488763830435
Satisf	=~	evalexp	4	4	.p15.	1.02830981556542	0.0240629575074571	42.7341408572385	0	0.981147285489282	1.07547234564155	0.504541691219337	0.835791656598955
DevAdj	=~	Belong	4	4		1	0	NA	NA	1	1	0.30349413291476	0.30349413291476
DevAdj	=~	Gains	4	4	.p17.	0.532856376655907	0.0330632621011206	16.1162675064009	0	0.468053573726303	0.597659179585512	0.208897794028823	0.208897794028823
DevAdj	=~	SupportEnv	4	4	.p18.	0.877709090199464	0.0397248126753669	22.0947320097428	0	0.799849888063145	0.955568292335783	0.312243036648016	0.312243036648016
DevAdj	=~	Satisf	4	4	.p19.	0.947233449335173	0.0422505016303885	22.4194604272788	0	0.864423987810861	1.03004291085949	0.370242500115048	0.370242500115048
EmoDiss	=~	MHWdacad	4	4		1	0	NA	NA	1	1	0.843900278427957	0.865875997944158
EmoDiss	=~	MHWdlonely	4	4	.p21.	0.998979613099773	0.0102677651021287	97.2927996660794	0	0.978855163297883	1.01910406290166	0.843039173638751	0.904079388154895
EmoDiss	=~	MHWdmental	4	4	.p22.	1.00735530856429	0.0095687841536076	105.275162694991	0	0.988600836247384	1.0261097808812	0.850107425373287	0.93070953344706
EmoDiss	=~	MHWdexhaust	4	4	.p23.	1.00502540391829	0.00987214909545124	101.804115213513	0	0.9856763472412	1.02437446059539	0.848141218193819	0.909396054760447
EmoDiss	=~	MHWdsleep	4	4	.p24.	1.00722343059149	0.0104492409441916	96.3920189007961	0	0.986743294675092	1.02770356650789	0.84999613351532	0.896302338637921
EmoDiss	=~	MHWdfinancial	4	4	.p25.	0.992127082656632	0.0115724222956879	85.7320150705453	0	0.969445551743195	1.01480861357007	0.837256321289848	0.825794076864587
QualEngag	=~	QIadmin	4	4		1	0	NA	NA	1	1	0.884208704829414	0.878203019368931
QualEngag	=~	QIstudent	4	4	.p27.	0.997261799002851	0.00975424389760652	102.238759812799	0	0.978143832267123	1.01637976573858	0.881787563672162	0.882436785851248
QualEngag	=~	QIadvisor	4	4	.p28.	0.994117823218935	0.00967787577969632	102.720663691979	0	0.975149535243878	1.01308611119399	0.879007632916251	0.898243917174782
QualEngag	=~	QIfaculty	4	4	.p29.	0.995512952959151	0.00942318667551769	105.645042090229	0	0.977043846455539	1.01398205946276	0.880241218776917	0.918909775146699
QualEngag	=~	QIstaff	4	4	.p30.	0.995349226546071	0.0095344495366065	104.39503851004	0	0.976662048841908	1.01403640425023	0.880096450457261	0.902877159392581
sbvalued	~~	sbvalued	4	4		0.15230272491885	0.0142483328222493	10.6891610982741	0	0.124376505747501	0.180228944090198	0.15230272491885	0.276107271550334
sbmyself	~~	sbmyself	4	4		0.189667016360992	0.0163417242650001	11.6063037954453	0	0.157637825356307	0.221696207365676	0.189667016360992	0.327804700360061
sbcommunity	~~	sbcommunity	4	4		0.0980377119713124	0.0117067024426833	8.37449422254569	0	0.0750929968059262	0.120982427136699	0.0980377119713124	0.193003296070781
pganalyze	~~	pganalyze	4	4		0.243631358603326	0.0175468274399192	13.8846386583287	0	0.209240208778145	0.278022508428506	0.243631358603326	0.504476058136642
pgthink	~~	pgthink	4	4		0.164177409263045	0.0125763148080439	13.0544926529699	0	0.139528285181042	0.188826533345049	0.164177409263045	0.402134832232386
pgwork	~~	pgwork	4	4		0.23654550736232	0.0167120106788472	14.1542218891543	0	0.203790568322531	0.269300446402109	0.23654550736232	0.516502827908221
pgvalues	~~	pgvalues	4	4		0.290711010676305	0.0198782404142838	14.6245847025479	0	0.25175037538828	0.32967164596433	0.290711010676305	0.556828466548241
pgprobsolve	~~	pgprobsolve	4	4		0.177265984492824	0.0137380029306273	12.9033299372523	0	0.150339993529288	0.204191975456359	0.177265984492824	0.4129430282491
SEacademic	~~	SEacademic	4	4		0.219101942873308	0.0150546910848125	14.5537322313006	0	0.1895952905487	0.248608595197917	0.219101942873308	0.429848936058902
SEwellness	~~	SEwellness	4	4		0.185873748859981	0.0143464743673139	12.9560576418317	0	0.157755175794918	0.213992321925043	0.185873748859981	0.394012077309049
SEnonacad	~~	SEnonacad	4	4		0.287389899644239	0.0206287234238921	13.931540684257	0	0.246958344686373	0.327821454602105	0.287389899644239	0.504343025469604
SEactivities	~~	SEactivities	4	4		0.274759163104854	0.019187590707856	14.3196281017376	0	0.23715217636736	0.312366149842347	0.274759163104854	0.481713363874895
SEdiverse	~~	SEdiverse	4	4		0.228618631586468	0.0164216007865096	13.9218237343998	0	0.196432885476414	0.260804377696521	0.228618631586468	0.437497395033834
sameinst	~~	sameinst	4	4		0.10662883335543	0.0141690429547771	7.52547886937414	5.26245713672324e-14	0.0788580194686656	0.134399647242194	0.10662883335543	0.306962458096075
evalexp	~~	evalexp	4	4		0.109854200037495	0.015411213180965	7.12819936675588	1.01696429055664e-12	0.0796487772447342	0.140059622830255	0.109854200037495	0.301452306759574
MHWdacad	~~	MHWdacad	4	4		0.237716944671462	0.0181350388710366	13.1081574383123	0	0.202172921625997	0.273260967716928	0.237716944671462	0.250258756184209
MHWdlonely	~~	MHWdlonely	4	4		0.158810556335194	0.013888436159556	11.4347327885381	0	0.13158972166088	0.186031391009507	0.158810556335194	0.18264045991347
MHWdmental	~~	MHWdmental	4	4		0.111611699413504	0.0107728031717121	10.3605066976979	0	0.09049739318441	0.132726005642599	0.111611699413504	0.133779764350757
MHWdexhaust	~~	MHWdexhaust	4	4		0.150478113384603	0.0140113484861576	10.7397309783042	0	0.123016374976894	0.177939851792312	0.150478113384603	0.172998815586133
MHWdsleep	~~	MHWdsleep	4	4		0.176848501377776	0.015546933319094	11.3751373179545	0	0.146377072002306	0.207319930753246	0.176848501377776	0.196642117752193
MHWdfinancial	~~	MHWdfinancial	4	4		0.326955053554912	0.0221397169550458	14.7678063915084	0	0.283562005695111	0.370348101414713	0.326955053554912	0.318064142615364
QIadmin	~~	QIadmin	4	4		0.231898947181622	0.0178015448165572	13.0269001691321	0	0.197008560471994	0.26678933389125	0.231898947181622	0.228759456771293
QIstudent	~~	QIstudent	4	4		0.220979803378566	0.0162725537751391	13.5799092405628	0	0.189086184042802	0.25287342271433	0.220979803378566	0.221305318976518
QIadvisor	~~	QIadvisor	4	4		0.184973332052489	0.0143498716549947	12.8902429582431	0	0.156848100425927	0.21309856367905	0.184973332052489	0.193157865258504
QIfaculty	~~	QIfaculty	4	4		0.142784386374807	0.0118737940404343	12.0251695362559	0	0.11951217769571	0.166056595053905	0.142784386374807	0.155604825139844
QIstaff	~~	QIstaff	4	4		0.175604376309323	0.0142246009839736	12.3451179057445	0	0.147724670686282	0.203484081932365	0.175604376309323	0.184812835047184
Belong	~~	Belong	4	4		0.362524951551959	0.0264317431295227	13.7155143259182	0	0.31071968696948	0.414330216134437	0.907891311286318	0.907891311286318
Gains	~~	Gains	4	4		0.228865036275814	0.0197129791349303	11.6098654956864	0	0.190228307143361	0.267501765408267	0.956361711649891	0.956361711649891
SupportEnv	~~	SupportEnv	4	4		0.262282663126657	0.0205023028214602	12.7928391952205	0	0.222098887996461	0.302466438256852	0.902504286064826	0.902504286064826
Satisf	~~	Satisf	4	4		0.207738473766304	0.019142628751349	10.8521392993982	0	0.170219610844239	0.245257336688369	0.862920491108559	0.862920491108559
DevAdj	~~	DevAdj	4	4		0.0367794002413484	0.0098115524047262	3.74858113417728	0.000177837808612802	0.0175491108956577	0.0560096895870391	1	1
EmoDiss	~~	EmoDiss	4	4		0.712167679930784	0.0472096671888022	15.08520865192	0	0.619638432518609	0.804696927342958	1	1
QualEngag	~~	QualEngag	4	4		0.78182503369611	0.0495824540659061	15.7681794583401	0	0.684645209461823	0.879004857930398	1	1
DevAdj	~~	EmoDiss	4	4		-0.102828187182604	0.016850691244022	-6.10231270002549	1.04544595203038e-09	-0.135854935135491	-0.0698014392297162	-0.635358329399694	-0.635358329399694
DevAdj	~~	QualEngag	4	4		0.0758083024344164	0.0153888735315981	4.92617619338793	8.38543905201661e-07	0.0456466645498423	0.10596994031899	0.447053669551235	0.447053669551235
EmoDiss	~~	QualEngag	4	4		-0.0411635352340917	0.0352991032612559	-1.16613543775976	0.24355969073993	-0.110348506312714	0.0280214358445303	-0.0551653972318122	-0.0551653972318122
sbvalued	~1		4	4		2.73986643582603	0.0325580200125894	84.153349459414	0	2.67605388919342	2.80367898245864	2.73986643582603	3.68904945656826
sbmyself	~1		4	4		2.73446810359357	0.0343848215282186	79.5254412284641	0	2.66707509178343	2.80186111540372	2.73446810359357	3.59488120946484
sbcommunity	~1		4	4		2.74928597292847	0.0315608318520145	87.1106942243977	0	2.6874278791764	2.81114406668054	2.74928597292847	3.8574978767698
pganalyze	~1		4	4		3.00468244956915	0.0308032354286276	97.5443783017899	0	2.94430921752173	3.06505568161657	3.00468244956915	4.32366728492108
pgthink	~1		4	4		3.0340860181196	0.0285220056487034	106.377021850759	0	2.97818391428129	3.08998812195791	3.0340860181196	4.74850649461632
pgwork	~1		4	4		3.01095979865023	0.030021690832115	100.292812136661	0	2.95211836586429	3.06980123143617	3.01095979865023	4.44922077888907
pgvalues	~1		4	4		2.97295591050201	0.031713945745653	93.7428579321297	0	2.91079771903288	3.03511410197115	2.97295591050201	4.11451303775039
pgprobsolve	~1		4	4		3.00420903254323	0.0290646965954927	103.362821031791	0	2.94724327399448	3.06117479109198	3.00420903254323	4.58524465408143
SEacademic	~1		4	4		2.84058837692864	0.0318250444318508	89.2563836952811	0	2.77821243603583	2.90296431782146	2.84058837692864	3.97871764005033
SEwellness	~1		4	4		2.83396958586711	0.0301437211251817	94.0152535945419	0	2.77488897810173	2.89305019363248	2.83396958586711	4.12611115097816
SEnonacad	~1		4	4		2.86235311356379	0.033654940419945	85.0500128019084	0	2.79639064243885	2.92831558468872	2.86235311356379	3.79184406059578
SEactivities	~1		4	4		2.87356985285336	0.0338819886614463	84.8111331824847	0	2.80716237535233	2.93997733035439	2.87356985285336	3.8048716715784
SEdiverse	~1		4	4		2.85518936521259	0.0314360436964038	90.8253402618607	0	2.79357585175121	2.91680287867397	2.85518936521259	3.94972485191209
sameinst	~1		4	4		3.04451640667893	0.025361669536193	120.044005870126	0	2.99480844780019	3.09422436555768	3.04451640667893	5.16563388184581
evalexp	~1		4	4		3.06184663999402	0.0260621484789259	117.482510794145	0	3.01076576761559	3.11292751237245	3.06184663999402	5.07206028764043
MHWdacad	~1		4	4		3.33626144496515	0.0429055517946321	77.7582691613943	0	3.25216810871085	3.42035478121944	3.33626144496515	3.42313989212462
MHWdlonely	~1		4	4		3.37183424394924	0.0410547531208199	82.130179519684	0	3.29136840643825	3.45230008146023	3.37183424394924	3.6159717549918
MHWdmental	~1		4	4		3.34900327568756	0.0404894598164629	82.7129650745764	0	3.26964539269381	3.42836115868131	3.34900327568756	3.66653576147647
MHWdexhaust	~1		4	4		3.32843088971418	0.0422005083881679	78.871819720717	0	3.24571941314409	3.41114236628427	3.32843088971418	3.56881832260766
MHWdsleep	~1		4	4		3.33758163333114	0.0400447970483569	83.3461992403351	0	3.25909527334814	3.41606799331413	3.33758163333114	3.51940686009692
MHWdfinancial	~1		4	4		3.38082736232838	0.0461674366321006	73.2296962742278	0	3.29034084927093	3.47131387538584	3.38082736232838	3.33454300638955
QIadmin	~1		4	4		5.13473600057873	0.0432489175229953	118.725191164579	0	5.04996967986331	5.21950232129414	5.13473600057873	5.09986006102547
QIstudent	~1		4	4		5.07905267105089	0.0440167781730344	115.389014868027	0	4.99278137111626	5.16532397098553	5.07905267105089	5.08279215863117
QIadvisor	~1		4	4		5.11579536126833	0.043525079622419	117.536726081789	0	5.03048777278415	5.20110294975251	5.11579536126833	5.22774989965083
QIfaculty	~1		4	4		5.10761427905261	0.0423191264208741	120.692809871738	0	5.0246703154105	5.19055824269472	5.10761427905261	5.33198921907085
QIstaff	~1		4	4		5.09986941312416	0.0437583111703009	116.546303473098	0	5.01410469920607	5.18563412704224	5.09986941312416	5.23187612744298
Belong	~1		4	4		0	0	NA	NA	0	0	0	0
Gains	~1		4	4		0	0	NA	NA	0	0	0	0
SupportEnv	~1		4	4		0	0	NA	NA	0	0	0	0
Satisf	~1		4	4		0	0	NA	NA	0	0	0	0
DevAdj	~1		4	4		0	0	NA	NA	0	0	0	0
EmoDiss	~1		4	4		0	0	NA	NA	0	0	0	0
QualEngag	~1		4	4		0	0	NA	NA	0	0	0	0
Belong	=~	sbvalued	5	5		1	0	NA	NA	1	1	0.606460538962062	0.818039550733455
Belong	=~	sbmyself	5	5	.p2.	0.986924730878228	0.0134655677668249	73.2924706902977	0	0.960532703023868	1.01331675873259	0.598530904203398	0.805613269354494
Belong	=~	sbcommunity	5	5	.p3.	1.01320676155732	0.0126573054182883	80.0491675023786	0	0.988398898796156	1.03801462431849	0.614469918694061	0.895885205217714
Gains	=~	pganalyze	5	5		1	0	NA	NA	1	1	0.487287947143665	0.703806422547068
Gains	=~	pgthink	5	5	.p5.	1.00993597775387	0.0208288002602208	48.4874772015874	0	0.969112279402663	1.05075967610509	0.492129629346215	0.767461834114293
Gains	=~	pgwork	5	5	.p6.	0.961920841220773	0.0203454112166905	47.2794986041695	0	0.922044567985403	1.00179711445614	0.468732432033178	0.704279205380982
Gains	=~	pgvalues	5	5	.p7.	0.983280256459264	0.0209702205450023	46.8893617188781	0	0.942179379443198	1.02438113347533	0.479140617636931	0.680467588297348
Gains	=~	pgprobsolve	5	5	.p8.	1.02619318081542	0.0209322452242245	49.0245155177061	0	0.985166734060384	1.06721962757046	0.500051568452375	0.740436695037939
SupportEnv	=~	SEacademic	5	5		1	0	NA	NA	1	1	0.591824597107724	0.819522398463858
SupportEnv	=~	SEwellness	5	5	.p10.	0.991804537082753	0.0156700509763168	63.2930000407615	0	0.961091801533265	1.02251727263224	0.586974320568613	0.828341549454329
SupportEnv	=~	SEnonacad	5	5	.p11.	0.985832645789973	0.0161462302966325	61.056520790217	0	0.954186615922483	1.01747867565746	0.583440008410292	0.769141054141324
SupportEnv	=~	SEactivities	5	5	.p12.	1.00857127433833	0.0168132608693011	59.9866547113329	0	0.97561788857182	1.04152466010483	0.596897288089704	0.753082000388353
SupportEnv	=~	SEdiverse	5	5	.p13.	1.0057040242517	0.01631287135862	61.6509504760035	0	0.973731383904368	1.03767666459903	0.595200378962378	0.779128207795296
Satisf	=~	sameinst	5	5		1	0	NA	NA	1	1	0.539614285806856	0.835886722303595
Satisf	=~	evalexp	5	5	.p15.	1.02830981556542	0.0240629575074571	42.7341408572385	0	0.981147285489282	1.07547234564155	0.554890666714511	0.876163228296564
DevAdj	=~	Belong	5	5		1	0	NA	NA	1	1	0.283809066009502	0.283809066009502
DevAdj	=~	Gains	5	5	.p17.	0.532856376655907	0.0330632621011206	16.1162675064009	0	0.468053573726303	0.597659179585512	0.188214600361088	0.188214600361088
DevAdj	=~	SupportEnv	5	5	.p18.	0.877709090199464	0.0397248126753669	22.0947320097428	0	0.799849888063144	0.955568292335783	0.255262134886961	0.255262134886961
DevAdj	=~	Satisf	5	5	.p19.	0.947233449335173	0.0422505016303886	22.4194604272787	0	0.86442398781086	1.03004291085949	0.302135946980082	0.302135946980082
EmoDiss	=~	MHWdacad	5	5		1	0	NA	NA	1	1	0.803942765692572	0.867197564037587
EmoDiss	=~	MHWdlonely	5	5	.p21.	0.998979613099773	0.0102677651021287	97.2927996660795	0	0.978855163297884	1.01910406290166	0.803122433025927	0.900076954240395
EmoDiss	=~	MHWdmental	5	5	.p22.	1.00735530856429	0.00956878415360762	105.275162694991	0	0.988600836247385	1.0261097808812	0.809856012802272	0.916442940407678
EmoDiss	=~	MHWdexhaust	5	5	.p23.	1.00502540391829	0.00987214909545125	101.804115213513	0	0.985676347241201	1.02437446059539	0.807982902817368	0.890116494265357
EmoDiss	=~	MHWdsleep	5	5	.p24.	1.00722343059149	0.0104492409441916	96.3920189007959	0	0.98674329467509	1.02770356650788	0.80974999046008	0.880940704722426
EmoDiss	=~	MHWdfinancial	5	5	.p25.	0.992127082656633	0.0115724222956879	85.7320150705454	0	0.969445551743196	1.01480861357007	0.797613390749476	0.799207194222835
QualEngag	=~	QIadmin	5	5		1	0	NA	NA	1	1	0.96846422080017	0.898143366005161
QualEngag	=~	QIstudent	5	5	.p27.	0.99726179900285	0.00975424389760652	102.238759812799	0	0.978143832267121	1.01637976573858	0.965812371105071	0.903269239665293
QualEngag	=~	QIadvisor	5	5	.p28.	0.994117823218936	0.0096778757796963	102.720663691979	0	0.975149535243879	1.01308611119399	0.962767543047289	0.921856759517657
QualEngag	=~	QIfaculty	5	5	.p29.	0.995512952959151	0.0094231866755177	105.645042090229	0	0.977043846455539	1.01398205946276	0.964118676284061	0.919234682328345
QualEngag	=~	QIstaff	5	5	.p30.	0.99534922654607	0.0095344495366065	104.39503851004	0	0.976662048841907	1.01403640425023	0.963960113110992	0.926292324411355
sbvalued	~~	sbvalued	5	5		0.181817976203182	0.0258397797727049	7.0363593576459	1.97331040396875e-12	0.131172938480233	0.23246301392613	0.181817976203182	0.330811293435807
sbmyself	~~	sbmyself	5	5		0.193736428899792	0.0270141351026013	7.17166876392561	7.4096284663483e-13	0.140789697025195	0.24668316077439	0.193736428899792	0.350987260239964
sbcommunity	~~	sbcommunity	5	5		0.0928583600585259	0.0177540401479522	5.23026642300549	1.69265920169082e-07	0.0580610807884614	0.12765563932859	0.0928583600585259	0.197389699072014
pganalyze	~~	pganalyze	5	5		0.24191387370862	0.0289457558216331	8.35749030701839	0	0.185181234792929	0.298646512624312	0.24191387370862	0.504656519581498
pgthink	~~	pgthink	5	5		0.169001180833475	0.0247008679736963	6.84191264102306	7.8141937365217e-12	0.120588369218151	0.217413992448798	0.169001180833475	0.411002333177926
pgwork	~~	pgwork	5	5		0.223245588676237	0.0272108633971051	8.20428170243167	2.22044604925031e-16	0.169913276429672	0.276577900922802	0.223245588676237	0.503990800867933
pgvalues	~~	pgvalues	5	5		0.266229481710057	0.0327354372075871	8.13276083718695	4.44089209850063e-16	0.202069203765014	0.3303897596551	0.266229481710057	0.536963861276791
pgprobsolve	~~	pgprobsolve	5	5		0.206041758082707	0.0266002562285845	7.7458561418403	9.54791801177635e-15	0.153906213895144	0.25817730227027	0.206041758082707	0.451753500641294
SEacademic	~~	SEacademic	5	5		0.17125571902617	0.020112099604829	8.51505921266673	0	0.131836728147223	0.210674709905117	0.17125571902617	0.328383038416046
SEwellness	~~	SEwellness	5	5		0.157594780051031	0.0183750222207303	8.5765762978635	0	0.121580398283276	0.193609161818785	0.157594780051031	0.313850277447602
SEnonacad	~~	SEnonacad	5	5		0.235011760757489	0.0234808199753111	10.0086692459885	0	0.18899019927841	0.281033322236567	0.235011760757489	0.408422038834372
SEactivities	~~	SEactivities	5	5		0.271937848377195	0.0292989168783888	9.28149834022636	0	0.214513026509521	0.32936267024487	0.271937848377195	0.432867500691076
SEdiverse	~~	SEdiverse	5	5		0.229327450414217	0.0268348759776892	8.54587331072008	0	0.176732059968347	0.281922840860087	0.229327450414217	0.39295923581769
sameinst	~~	sameinst	5	5		0.125562982880108	0.02539634474609	4.94413602175723	7.64822906340612e-07	0.0757870618388091	0.175338903921408	0.125562982880108	0.301293387476552
evalexp	~~	evalexp	5	5		0.0931890827597156	0.0232291092584853	4.01173724410784	6.02735639054774e-05	0.0476608652201386	0.138717300299293	0.0931890827597156	0.232337997380944
MHWdacad	~~	MHWdacad	5	5		0.213113262653866	0.0258537272201651	8.24303826055857	2.22044604925031e-16	0.162440888436219	0.263785636871512	0.213113262653866	0.247968384927275
MHWdlonely	~~	MHWdlonely	5	5		0.151161461931108	0.0214597173066279	7.04396333703899	1.86850535044414e-12	0.109101188891707	0.19322173497051	0.151161461931108	0.189861476445333
MHWdmental	~~	MHWdmental	5	5		0.125050030956026	0.0174932809942361	7.14846065739351	8.77520278663724e-13	0.0907638302358844	0.159336231676168	0.125050030956026	0.160132336976929
MHWdexhaust	~~	MHWdexhaust	5	5		0.171132195996557	0.0224826071489994	7.61175938637407	2.70894418008538e-14	0.127067095705956	0.215197296287159	0.171132195996557	0.207692626636751
MHWdsleep	~~	MHWdsleep	5	5		0.189211252590881	0.0242802650936921	7.79280011403324	6.66133814775094e-15	0.14162280747216	0.236799697709603	0.189211252590881	0.223943474763155
MHWdfinancial	~~	MHWdfinancial	5	5		0.359828394575639	0.0369330359123068	9.74272451985831	0	0.287440974347793	0.432215814803485	0.359828394575639	0.361267860702464
QIadmin	~~	QIadmin	5	5		0.224798888782699	0.029612783986912	7.59127844521655	3.17523785042795e-14	0.166758898686387	0.282838878879011	0.224798888782699	0.193338494100919
QIstudent	~~	QIstudent	5	5		0.210482462695747	0.0267249389638476	7.87588188622168	3.33066907387547e-15	0.158102544837575	0.26286238055392	0.210482462695747	0.184104680674484
QIadvisor	~~	QIadvisor	5	5		0.163805479386612	0.0237040298623811	6.91044857509969	4.83124651395883e-12	0.117346434567883	0.21026452420534	0.163805479386612	0.150180114931604
QIfaculty	~~	QIfaculty	5	5		0.170514445428782	0.0246963485215117	6.90443954822939	5.04019048719329e-12	0.12211049177697	0.218918399080593	0.170514445428782	0.155007598804706
QIstaff	~~	QIstaff	5	5		0.153764792702965	0.0205781610211485	7.47223197179468	7.88258347483861e-14	0.113432338233448	0.194097247172482	0.153764792702965	0.141982529736609
Belong	~~	Belong	5	5		0.338169435455113	0.0400646600068238	8.44059166850576	0	0.259644144788896	0.41669472612133	0.919452414050815	0.919452414050815
Gains	~~	Gains	5	5		0.229037956092188	0.0275815470667073	8.30402861515522	0	0.174979117203545	0.28309679498083	0.964575264210916	0.964575264210916
SupportEnv	~~	SupportEnv	5	5		0.32743408492296	0.0419065686513595	7.81343105533262	5.55111512312578e-15	0.245298719650641	0.40956945019528	0.934841242492951	0.934841242492951
Satisf	~~	Satisf	5	5		0.264602555408934	0.0341086423344525	7.75763962735227	8.65973959207622e-15	0.197750844871849	0.331454265946019	0.908713869542449	0.908713869542449
DevAdj	~~	DevAdj	5	5		0.029624949863042	0.01684250685633	1.75893945691985	0.0785877924325005	-0.00338575698473373	0.0626356567108176	1	1
EmoDiss	~~	EmoDiss	5	5		0.646323970509422	0.0724046510799262	8.92655320990299	0	0.504413462079577	0.788234478939266	1	1
QualEngag	~~	QualEngag	5	5		0.93792294697008	0.0976284658049603	9.60706428434345	0	0.746574670126458	1.1292712238137	1	1
DevAdj	~~	EmoDiss	5	5		-0.0767314736380999	0.0235829675843571	-3.25368185168506	0.00113919784870076	-0.122953240752015	-0.0305097065241844	-0.554523039931458	-0.554523039931458
DevAdj	~~	QualEngag	5	5		0.144156942280046	0.0281312389533144	5.1244434174863	2.9841794590979e-07	0.0890207270910597	0.199293157469032	0.864814911345089	0.864814911345089
EmoDiss	~~	QualEngag	5	5		-0.0230854977566062	0.0590951631541256	-0.390649530764423	0.696056308780038	-0.138909889199211	0.0927388936859985	-0.0296503982375872	-0.0296503982375872
sbvalued	~1		5	5		2.49998709145474	0.0555116293575398	45.0353758372466	0	2.39118629719082	2.60878788571865	2.49998709145474	3.37217046410501
sbmyself	~1		5	5		2.51493908635577	0.0561107862865487	44.8209560549086	0	2.40496396608991	2.62491420662163	2.51493908635577	3.38506881659357
sbcommunity	~1		5	5		2.53676213100641	0.0503759467390022	50.3566145198099	0	2.43802708971085	2.63549717230196	2.53676213100641	3.69854990974217
pganalyze	~1		5	5		2.97967477891687	0.0498133391361165	59.8168047071652	0	2.88204242826041	3.07730712957334	2.97967477891687	4.30364481369971
pgthink	~1		5	5		2.96273407275418	0.0449786867234735	65.8697327240544	0	2.87457746670426	3.05089067880409	2.96273407275418	4.62029755958711
pgwork	~1		5	5		2.94216109003189	0.0493475510007078	59.6212178794788	0	2.84544166734525	3.03888051271854	2.94216109003189	4.42065181110369
pgvalues	~1		5	5		2.93180653264145	0.0504907533730332	58.0662069147757	0	2.83284647447801	3.03076659080489	2.93180653264145	4.16370319523329
pgprobsolve	~1		5	5		2.93050252671441	0.0492405513525869	59.5140071793785	0	2.83399281948445	3.02701223394438	2.93050252671441	4.33925567396236
SEacademic	~1		5	5		2.53151950164908	0.0527527258542605	47.9884112271826	0	2.42812605888841	2.63491294440975	2.53151950164908	3.50549291781439
SEwellness	~1		5	5		2.58138768689379	0.051016391658634	50.5991820073563	0	2.48139739662168	2.6813779771659	2.58138768689379	3.64286920462303
SEnonacad	~1		5	5		2.54851243305445	0.0543934657273151	46.8532828158189	0	2.4419031992346	2.6551216668743	2.54851243305445	3.35966939358969
SEactivities	~1		5	5		2.54559459447135	0.0587373761070594	43.3385820611318	0	2.43047145275513	2.66071773618757	2.54559459447135	3.21167729797788
SEdiverse	~1		5	5		2.55735545985335	0.0549590429792856	46.5320231434386	0	2.44963771498916	2.66507320471754	2.55735545985335	3.34762518062342
sameinst	~1		5	5		2.73657897688014	0.0483069982811945	56.6497417403282	0	2.64189900004777	2.83125895371252	2.73657897688014	4.23908352961587
evalexp	~1		5	5		2.77026532593846	0.0461046275403141	60.0864918280952	0	2.67990191643881	2.86062873543811	2.77026532593846	4.37420334637032
MHWdacad	~1		5	5		3.64379123606312	0.0680887420679442	53.5153261081996	0	3.51033975385731	3.77724271826893	3.64379123606312	3.93048736629069
MHWdlonely	~1		5	5		3.61196355007819	0.065730688099804	54.9509468787831	0	3.48313376872354	3.74079333143284	3.61196355007819	4.04800690068229
MHWdmental	~1		5	5		3.62402465556802	0.0671258573641507	53.9885045476301	0	3.49246039270291	3.75558891843313	3.62402465556802	4.10099049578775
MHWdexhaust	~1		5	5		3.60005311857039	0.0615487169973007	58.4911155618122	0	3.47941984996103	3.72068638717975	3.60005311857039	3.96600800573531
MHWdsleep	~1		5	5		3.62044230334009	0.0701521154316464	51.6084551558209	0	3.48294668365477	3.75793792302542	3.62044230334009	3.93874039109178
MHWdfinancial	~1		5	5		3.60384367770009	0.0701494412800402	51.3738044372065	0	3.4663532992556	3.74133405614457	3.60384367770009	3.61104493414535
QIadmin	~1		5	5		4.88977970531259	0.0861182947621361	56.779801769397	0	4.7209909491688	5.05856846145638	4.88977970531259	4.53472942957523
QIstudent	~1		5	5		4.91925771911279	0.0763116990771994	64.4626941687711	0	4.76968953732243	5.06882590090316	4.91925771911279	4.60070124653356
QIadvisor	~1		5	5		4.91553677151657	0.0754276250355211	65.1689188039753	0	4.76770134300755	5.06337220002558	4.91553677151657	4.70666136618772
QIfaculty	~1		5	5		4.91908900606981	0.080743593603377	60.9223442572177	0	4.76083447062486	5.07734354151477	4.91908900606981	4.69008362877847
QIstaff	~1		5	5		4.92092631202941	0.0757538131168087	64.9594536507566	0	4.77245156662889	5.06940105742993	4.92092631202941	4.7286357701212
Belong	~1		5	5		0	0	NA	NA	0	0	0	0
Gains	~1		5	5		0	0	NA	NA	0	0	0	0
SupportEnv	~1		5	5		0	0	NA	NA	0	0	0	0
Satisf	~1		5	5		0	0	NA	NA	0	0	0	0
DevAdj	~1		5	5		0	0	NA	NA	0	0	0	0
EmoDiss	~1		5	5		0	0	NA	NA	0	0	0	0
QualEngag	~1		5	5		0	0	NA	NA	0	0	0	0
