lhs	op	rhs	block	group	est	se	z	pvalue	ci.lower	ci.upper	std.lv	std.all
Belong	=~	sbvalued	1	1	1	0	NA	NA	1	1	0.620711862012965	0.843647252672133
Belong	=~	sbmyself	1	1	0.975166849878837	0.023416054230737	41.6452251207544	0	0.929272226926555	1.02106147283112	0.60529763116161	0.814199633241508
Belong	=~	sbcommunity	1	1	1.02079664592532	0.023188529376211	44.0216207489444	0	0.975347963493494	1.06624532835714	0.633620586828893	0.874301138822921
Gains	=~	pganalyze	1	1	1	0	NA	NA	1	1	0.513555077080341	0.72896808274671
Gains	=~	pgthink	1	1	1.00899863298279	0.0314817596710881	32.0502615966992	0	0.94729551785751	1.07070174810807	0.518176370735435	0.785941014410689
Gains	=~	pgwork	1	1	1.01315691299842	0.0302002198022309	33.5479979825701	0	0.95396556986085	1.07234825613598	0.520311876549382	0.74609993340078
Gains	=~	pgvalues	1	1	0.974809968119272	0.0317246974369576	30.7271635941174	0	0.912630703722405	1.03698923251614	0.500618608316178	0.693342186952267
Gains	=~	pgprobsolve	1	1	0.968341032267373	0.0296015588524702	32.7125012940515	0	0.910323043030289	1.02635902150446	0.497296453466128	0.74793355281489
SupportEnv	=~	SEacademic	1	1	1	0	NA	NA	1	1	0.596392248345371	0.823513040649398
SupportEnv	=~	SEwellness	1	1	1.01578696512316	0.0246357798621256	41.232182249071	0	0.967501723862333	1.06407220638398	0.60580747196972	0.814436542601127
SupportEnv	=~	SEnonacad	1	1	1.00543464600979	0.0250333003797653	40.1638869328829	0	0.956370278851276	1.0544990131683	0.59963342909811	0.772502171675352
SupportEnv	=~	SEactivities	1	1	0.97106262101692	0.0273002825945549	35.5696911800686	0	0.917555050363827	1.02457019167001	0.57913421983243	0.728882561457047
SupportEnv	=~	SEdiverse	1	1	0.979100290237395	0.025578784779443	38.277826670807	0	0.928966793301386	1.0292337871734	0.583927823450286	0.7742361773733
Satisf	=~	sameinst	1	1	1	0	NA	NA	1	1	0.548321154759789	0.843403038210615
Satisf	=~	evalexp	1	1	1.01869203849128	0.0563238367780682	18.0863395813253	0	0.908299346935152	1.1290847300474	0.558570394890141	0.862805539480722
DevAdj	=~	Belong	1	1	1	0	NA	NA	1	1	0.349428729085489	0.349428729085489
DevAdj	=~	Gains	1	1	0.732248006625286	0.0835557771404282	8.76358322171586	0	0.568481692729792	0.896014320520781	0.309257203660393	0.309257203660393
DevAdj	=~	SupportEnv	1	1	1.1021292727176	0.10803978952401	10.2011423529539	0	0.890375176353256	1.31388336908195	0.400819831419343	0.400819831419343
DevAdj	=~	Satisf	1	1	1.05385110214783	0.102742807434296	10.2571764239727	0	0.852478899906074	1.25522330438958	0.416862574123694	0.416862574123694
EmoDiss	=~	MHWdacad	1	1	1	0	NA	NA	1	1	0.944777151578797	0.897901823631657
EmoDiss	=~	MHWdlonely	1	1	1.00053411700128	0.0153934953255028	64.9972014701343	0	0.970363420567105	1.03070481343545	0.945281773117873	0.919116820894446
EmoDiss	=~	MHWdmental	1	1	1.0078536586958	0.0149658382568188	67.3436155997876	0	0.978521154713986	1.03718616267762	0.95219710887089	0.93577119027489
EmoDiss	=~	MHWdexhaust	1	1	0.999882996383738	0.0144951990858019	68.9802872292473	0	0.971472928226829	1.02829306454065	0.944666609235501	0.926116033937307
EmoDiss	=~	MHWdsleep	1	1	1.00840592955697	0.0160282654400927	62.9142269527536	0	0.97699110655974	1.0398207525542	0.952718881762003	0.910573207614401
EmoDiss	=~	MHWdfinancial	1	1	0.977306987965966	0.0184017586283282	53.1094341418799	0	0.941240203802244	1.01337377212969	0.92333731230854	0.844974651365119
QualEngag	=~	QIadmin	1	1	1	0	NA	NA	1	1	0.975792158474272	0.889008609969618
QualEngag	=~	QIstudent	1	1	0.986732399343316	0.0160360284206947	61.5322181688031	0	0.955302361183693	1.01816243750294	0.962845737791711	0.894555226469379
QualEngag	=~	QIadvisor	1	1	0.984603033656668	0.0155144965083088	63.4634216540229	0	0.954195179262111	1.01501088805123	0.960767919452156	0.912634977768001
QualEngag	=~	QIfaculty	1	1	0.98488345479845	0.0149895572790674	65.7046393340663	0	0.955504462387278	1.01426244720962	0.961041552203377	0.929125884678948
QualEngag	=~	QIstaff	1	1	0.993540823631278	0.015376171417793	64.6156183249604	0	0.96340408143229	1.02367756583027	0.969489344823471	0.915862018846783
sbvalued	~~	sbvalued	1	1	0.156042048898161	0.0081634145250756	19.1148015844162	0	0.140042050438142	0.172042047358181	0.156042048898161	0.288259313058762
sbmyself	~~	sbmyself	1	1	0.186297825390437	0.00845893251560337	22.0237985167504	0	0.1697186223122	0.202877028468675	0.186297825390437	0.337078957229395
sbcommunity	~~	sbcommunity	1	1	0.123739165466556	0.00747157304269222	16.5613271475119	0	0.109095151395019	0.138383179538094	0.123739165466556	0.235597518652943
pganalyze	~~	pganalyze	1	1	0.2325757555692	0.00828550605510047	28.0701931810222	0	0.216336462107514	0.248815049030885	0.2325757555692	0.468605534336585
pgthink	~~	pgthink	1	1	0.166178899177674	0.00689383609496408	24.1054322859615	0	0.152667228716222	0.179690569639126	0.166178899177674	0.382296721867098
pgwork	~~	pgwork	1	1	0.21560825585413	0.00888764335689766	24.2593280576225	0	0.198188794967174	0.233027716741086	0.21560825585413	0.443334889379351
pgvalues	~~	pgvalues	1	1	0.270718221092869	0.00976610827268327	27.7201740482535	0	0.251577000609291	0.289859441576446	0.270718221092869	0.519276611792248
pgprobsolve	~~	pgprobsolve	1	1	0.194780129571846	0.00776700547222959	25.0778926663911	0	0.179557078578551	0.210003180565142	0.194780129571846	0.440595400573696
SEacademic	~~	SEacademic	1	1	0.168789144819915	0.00666125723582375	25.3389321031141	0	0.155733320545944	0.181844969093887	0.168789144819915	0.321826271880383
SEwellness	~~	SEwellness	1	1	0.18628976186974	0.00789116474191444	23.6073847096677	0	0.170823363179515	0.201756160559964	0.18628976186974	0.336693118075924
SEnonacad	~~	SEnonacad	1	1	0.242960843176196	0.00844623100964261	28.7655929489521	0	0.226406534592191	0.259515151760201	0.242960843176196	0.403240394756865
SEactivities	~~	SEactivities	1	1	0.295914523794346	0.0103769607311871	28.5164925896847	0	0.275576054492233	0.31625299309646	0.295914523794346	0.468730211603815
SEdiverse	~~	SEdiverse	1	1	0.227843790965236	0.00834904718803656	27.2897955699324	0	0.211479959171459	0.244207622759014	0.227843790965236	0.40055834164638
sameinst	~~	sameinst	1	1	0.122012215157921	0.0156549156667162	7.79385962565933	6.43929354282591e-15	0.0913291442701453	0.152695286045696	0.122012215157921	0.288671315137104
evalexp	~~	evalexp	1	1	0.107111000232741	0.0161548549199484	6.6302669236898	3.35080851954217e-11	0.0754480664141727	0.13877393405131	0.107111000232741	0.25556660104138
MHWdacad	~~	MHWdacad	1	1	0.214532347214821	0.00862115639971003	24.8844049763482	0	0.197635191166302	0.231429503263339	0.214532347214821	0.193772315118944
MHWdlonely	~~	MHWdlonely	1	1	0.164187754818577	0.00692507751635599	23.709157685353	0	0.150614852296371	0.177760657340783	0.164187754818577	0.155224269548887
MHWdmental	~~	MHWdmental	1	1	0.128735484590957	0.00564673030303091	22.7982350284831	0	0.117668096566605	0.139802872615308	0.128735484590957	0.124332279451516
MHWdexhaust	~~	MHWdexhaust	1	1	0.148067236125395	0.00643925453744081	22.9944685777622	0	0.135446529144725	0.160687943106065	0.148067236125395	0.142309091684233
MHWdsleep	~~	MHWdsleep	1	1	0.18703855839251	0.0075628038755315	24.7313776042309	0	0.172215735174329	0.201861381610692	0.18703855839251	0.170856433574821
MHWdfinancial	~~	MHWdfinancial	1	1	0.341528169823127	0.0119935600091016	28.4759628970839	0	0.318021224158868	0.365035115487386	0.341528169823127	0.286017838550397
QIadmin	~~	QIadmin	1	1	0.252595693033552	0.00985511787008414	25.630915465793	0	0.23328001694479	0.271911369122314	0.252595693033552	0.209663691399888
QIstudent	~~	QIstudent	1	1	0.23143627867941	0.00958154854310876	24.154371043276	0	0.212656788618794	0.250215768740025	0.23143627867941	0.199770946796317
QIadvisor	~~	QIadvisor	1	1	0.185187834382537	0.00775793217914018	23.8707725340107	0	0.169982566716918	0.200393102048157	0.185187834382537	0.1670973973544
QIfaculty	~~	QIfaculty	1	1	0.146279488012098	0.00643743006909565	22.7232741081485	0	0.133662356923675	0.15889661910052	0.146279488012098	0.136725090419562
QIstaff	~~	QIstaff	1	1	0.180626845556853	0.00789364168468581	22.882574706587	0	0.165155592148004	0.196098098965701	0.180626845556853	0.161196762433895
Belong	~~	Belong	1	1	0.33823996675637	0.0146549829263028	23.0802020348517	0	0.309516728026767	0.366963205485973	0.8778995632897	0.8778995632897
Gains	~~	Gains	1	1	0.238514831966988	0.0127137352905688	18.7604056963433	0	0.213596368688498	0.263433295245479	0.904359981984155	0.904359981984155
SupportEnv	~~	SupportEnv	1	1	0.298540800054019	0.0138540383968085	21.5490091411029	0	0.271387383755839	0.325694216352198	0.83934346274097	0.83934346274097
Satisf	~~	Satisf	1	1	0.248409755611743	0.0178093401347318	13.9482852105954	0	0.213504090359245	0.283315420864241	0.826225594294968	0.826225594294968
DevAdj	~~	DevAdj	1	1	0.0470432488872325	0.00787236717957495	5.97574373935293	2.29042806942914e-09	0.0316136927421904	0.0624728050322745	1	1
EmoDiss	~~	EmoDiss	1	1	0.892603866145346	0.0325519668404574	27.4208888980548	0	0.828803183512107	0.956404548778585	1	1
QualEngag	~~	QualEngag	1	1	0.952170336539878	0.0378114923370744	25.1820353465993	0	0.8780611733575	1.02627949972226	1	1
DevAdj	~~	EmoDiss	1	1	-0.162213241177149	0.0140167995827181	-11.5727731012968	0	-0.189685663537793	-0.134740818816505	-0.791604522328624	-0.791604522328624
DevAdj	~~	QualEngag	1	1	0.13394935673707	0.0123718261624888	10.8269672542929	0	0.109701023035602	0.158197690438538	0.63289935774232	0.63289935774232
EmoDiss	~~	QualEngag	1	1	-0.236234520349196	0.0217061591066769	-10.8832944229423	0	-0.278777810440979	-0.193691230257413	-0.25624574034187	-0.25624574034187
sbvalued	~1		1	1	2.77448900473705	0.0163079990247029	170.130559888698	0	2.74252591398872	2.80645209548538	2.77448900473705	3.77097679239544
sbmyself	~1		1	1	2.78210168284862	0.0163689977478331	169.961638806928	0	2.75001903679985	2.81418432889739	2.78210168284862	3.74226835394825
sbcommunity	~1		1	1	2.78367420153147	0.0161542484899451	172.318396814566	0	2.75201245629387	2.81533594676907	2.78367420153147	3.84105184569734
pganalyze	~1		1	1	2.96070050577012	0.0153969945081257	192.290807417488	0	2.93052295106403	2.99087806047621	2.96070050577012	4.20257975745963
pgthink	~1		1	1	2.95326177821144	0.0146231112761282	201.958510910913	0	2.9246010067683	2.98192254965457	2.95326177821144	4.47934272744537
pgwork	~1		1	1	2.94977822585597	0.0154515480595667	190.905028705499	0	2.91949374815383	2.98006270355811	2.94977822585597	4.22982721911659
pgvalues	~1		1	1	2.93650398716514	0.0159293107866027	184.345953601135	0	2.90528311172485	2.96772486260542	2.93650398716514	4.06697246693083
pgprobsolve	~1		1	1	2.95051020469299	0.0147496611008194	200.039186292157	0	2.92160140015122	2.97941900923477	2.95051020469299	4.43756548962183
SEacademic	~1		1	1	2.74697213278777	0.0158886367838874	172.889101195483	0	2.71583097692792	2.77811328864763	2.74697213278777	3.79308647945605
SEwellness	~1		1	1	2.73464082459054	0.016396243731655	166.784592211872	0	2.70250477739476	2.76677687178633	2.73464082459054	3.67640136757299
SEnonacad	~1		1	1	2.74643593888809	0.017109615138529	160.520030208243	0	2.71290170942723	2.77997016834895	2.74643593888809	3.53820788535649
SEactivities	~1		1	1	2.7463456105385	0.017687423615952	155.271093753961	0	2.71167889727193	2.78101232380507	2.7463456105385	3.45647581286911
SEdiverse	~1		1	1	2.75508971848787	0.0165950680792657	166.01858487885	0	2.72256398273152	2.78761545424422	2.75508971848787	3.65300307041138
sameinst	~1		1	1	2.87086096076691	0.0145881107713391	196.794568245753	0	2.84226878905261	2.89945313248122	2.87086096076691	4.41582972966233
evalexp	~1		1	1	2.88700498894358	0.0143637801946105	200.992005574329	0	2.8588524970803	2.91515748080687	2.88700498894358	4.45946279959738
MHWdacad	~1		1	1	3.92777119927064	0.0241183412339665	162.854118414207	0	3.88050011908521	3.97504227945606	3.92777119927064	3.73289395995608
MHWdlonely	~1		1	1	3.90996313092608	0.0234116214037946	167.009497697257	0	3.86407719615496	3.95584906569721	3.90996313092608	3.80173720144623
MHWdmental	~1		1	1	3.90933438413421	0.0232887200857925	167.863857255047	0	3.86368933152002	3.95497943674839	3.90933438413421	3.84189623738907
MHWdexhaust	~1		1	1	3.92822546104997	0.0231461533046429	169.713965398389	0	3.88285983419223	3.97359108790771	3.92822546104997	3.85108624442998
MHWdsleep	~1		1	1	3.92753976705609	0.0238045673229334	164.991016798372	0	3.88088367243558	3.9741958616766	3.92753976705609	3.75379616399244
MHWdfinancial	~1		1	1	3.90348477761917	0.0247404249595825	157.777596140574	0	3.85499443573617	3.95197511950217	3.90348477761917	3.57220015384328
QIadmin	~1		1	1	4.75492510416491	0.0246888388316336	192.594116580018	0	4.7065358692348	4.80331433909503	4.75492510416491	4.33203866279557
QIstudent	~1		1	1	4.76544247792506	0.0239131912394828	199.28090860817	0	4.71857348434026	4.81231147150987	4.76544247792506	4.42745011765243
QIadvisor	~1		1	1	4.76444443283081	0.0236268445806614	201.653860995493	0	4.71813666838439	4.81075219727723	4.76444443283081	4.52575335936782
QIfaculty	~1		1	1	4.76591258138547	0.0230197279502499	207.03600805733	0	4.72079474366907	4.81103041910187	4.76591258138547	4.60763921531794
QIstaff	~1		1	1	4.76105427569592	0.0236436626950312	201.367035941368	0	4.71471354835104	4.80739500304079	4.76105427569592	4.49769644613469
Belong	~1		1	1	0	0	NA	NA	0	0	0	0
Gains	~1		1	1	0	0	NA	NA	0	0	0	0
SupportEnv	~1		1	1	0	0	NA	NA	0	0	0	0
Satisf	~1		1	1	0	0	NA	NA	0	0	0	0
DevAdj	~1		1	1	0	0	NA	NA	0	0	0	0
EmoDiss	~1		1	1	0	0	NA	NA	0	0	0	0
QualEngag	~1		1	1	0	0	NA	NA	0	0	0	0
Belong	=~	sbvalued	2	2	1	0	NA	NA	1	1	0.696694756559553	0.886352776417539
Belong	=~	sbmyself	2	2	0.959237520696192	0.035276173102307	27.1922217275167	0	0.89009749190327	1.02837754948911	0.668295750964222	0.835346421813336
Belong	=~	sbcommunity	2	2	1.00481720415996	0.0318771543512686	31.5215465310182	0	0.942339129701853	1.06729527861807	0.700050877439077	0.890938732333768
Gains	=~	pganalyze	2	2	1	0	NA	NA	1	1	0.536762074571948	0.73832450189574
Gains	=~	pgthink	2	2	1.01034229895549	0.0494719244657379	20.422538841302	0	0.91337910875676	1.10730548915422	0.542313428415141	0.80379990091835
Gains	=~	pgwork	2	2	0.969248935156746	0.0459124405165538	21.1108127612446	0	0.879262205301963	1.05923566501153	0.520256069211387	0.768325780975141
Gains	=~	pgvalues	2	2	0.990014335417397	0.0532900240335977	18.5778549244644	0	0.885567807576272	1.09446086325852	0.531402148534611	0.706278773194105
Gains	=~	pgprobsolve	2	2	0.99769659446524	0.0487062661853928	20.4839473973977	0	0.902234066920449	1.09315912201003	0.53552569383853	0.788845024470626
SupportEnv	=~	SEacademic	2	2	1	0	NA	NA	1	1	0.637346273455913	0.840921156096301
SupportEnv	=~	SEwellness	2	2	1.01633515463514	0.0394696371508485	25.7497972619009	0	0.938976087336611	1.09369422193367	0.647757423388945	0.822447627786699
SupportEnv	=~	SEnonacad	2	2	1.07434637876452	0.0437083950401056	24.5798633827377	0	0.988679498663868	1.16001325886518	0.684730660906424	0.810262155510157
SupportEnv	=~	SEactivities	2	2	0.937713286888365	0.0391970415041022	23.9230628360109	0	0.860888497239803	1.01453807653693	0.597648068968395	0.743584767599465
SupportEnv	=~	SEdiverse	2	2	1.04088095409473	0.0392810030747073	26.4983292843899	0	0.963891602791694	1.11787030539776	0.66340159720351	0.815820817378252
Satisf	=~	sameinst	2	2	1	0	NA	NA	1	1	0.619924951265844	0.919798819144149
Satisf	=~	evalexp	2	2	0.951218842678554	0.0525245805794305	18.1099750285501	0	0.848272556439799	1.05416512891731	0.589684294690656	0.844787070817056
DevAdj	=~	Belong	2	2	1	0	NA	NA	1	1	0.570004554825117	0.570004554825117
DevAdj	=~	Gains	2	2	0.328001174486869	0.0683511095295421	4.79876883849418	1.59643917729824e-06	0.194035461505614	0.461966887468124	0.242669080246378	0.242669080246378
DevAdj	=~	SupportEnv	2	2	0.763675852366241	0.0825567472541278	9.25031421133247	0	0.601867601067375	0.925484103665108	0.475832909662626	0.475832909662626
DevAdj	=~	Satisf	2	2	0.79770065319812	0.0851710416334369	9.36586705879801	0	0.630768479070823	0.964632827325418	0.511000940155002	0.511000940155002
EmoDiss	=~	MHWdacad	2	2	1	0	NA	NA	1	1	1.02657766923239	0.904024507537787
EmoDiss	=~	MHWdlonely	2	2	1.03876960081017	0.025866111477692	40.1594805506831	0	0.988072953893799	1.08946624772655	1.06637767566917	0.945070271831705
EmoDiss	=~	MHWdmental	2	2	0.979970603847499	0.0205781883397913	47.6218113891283	0	0.939638095834426	1.02030311186057	1.00601593841402	0.942630244287806
EmoDiss	=~	MHWdexhaust	2	2	0.991306791146034	0.0235477745782098	42.097684766498	0	0.945154001056674	1.03745958123539	1.01765341514893	0.941030111875755
EmoDiss	=~	MHWdsleep	2	2	1.00462338538141	0.0259905610540959	38.6533935643181	0	0.953682821777388	1.05556394898542	1.0313239334212	0.922142327104487
EmoDiss	=~	MHWdfinancial	2	2	1.00395377657262	0.0287746640107991	34.8901998020146	0	0.947556471444213	1.06035108170103	1.03063652797098	0.872849258928135
QualEngag	=~	QIadmin	2	2	1	0	NA	NA	1	1	0.993151252921624	0.886862933765575
QualEngag	=~	QIstudent	2	2	1.00815555965216	0.0286957681825013	35.1325517142607	0	0.951912887505749	1.06439823179857	1.00125095720845	0.897425840794083
QualEngag	=~	QIadvisor	2	2	1.02354692993407	0.0276769810399288	36.9818849988527	0	0.969301043895013	1.07779281597313	1.0165369158881	0.920298008625666
QualEngag	=~	QIfaculty	2	2	1.04157678514649	0.025295893496451	41.1757262218319	0	0.991997744936681	1.09115582535629	1.03444328918231	0.944101691724224
QualEngag	=~	QIstaff	2	2	1.02320158128228	0.0264768479377959	38.6451432468912	0	0.971307912900052	1.0750952496645	1.01619393244188	0.924934088560658
sbvalued	~~	sbvalued	2	2	0.132450502724814	0.012985190262885	10.2001202942241	0	0.106999997477159	0.157901007972469	0.132450502724814	0.21437875573692
sbmyself	~~	sbmyself	2	2	0.193416441561368	0.0145237538897702	13.3172486279598	0	0.164950407017095	0.221882476105641	0.193416441561368	0.302196355563656
sbcommunity	~~	sbcommunity	2	2	0.127324367717706	0.0126305492363352	10.0806675414735	0	0.102568946109529	0.152079789325883	0.127324367717706	0.206228175227499
pganalyze	~~	pganalyze	2	2	0.240415793728604	0.0152040147751929	15.8126519398594	0	0.210616472348811	0.270215115108397	0.240415793728604	0.454876929900407
pgthink	~~	pgthink	2	2	0.161098835459188	0.0121287127844966	13.2824346920895	0	0.137326995222744	0.184870675695632	0.161098835459188	0.35390571928365
pgwork	~~	pgwork	2	2	0.187838012716674	0.0142014303607018	13.2266967443265	0	0.160003720680745	0.215672304752604	0.187838012716674	0.40967549428894
pgvalues	~~	pgvalues	2	2	0.283713254446214	0.019213340709545	14.766471835128	0	0.246055798632808	0.321370710259619	0.283713254446214	0.50117029453543
pgprobsolve	~~	pgprobsolve	2	2	0.17408096302321	0.0129129546095584	13.4811101166848	0	0.148772037054475	0.199389888991945	0.17408096302321	0.377723527367938
SEacademic	~~	SEacademic	2	2	0.168224001465394	0.0124802022539686	13.4792688485397	0	0.14376325452784	0.192684748402948	0.168224001465394	0.292851609229661
SEwellness	~~	SEwellness	2	2	0.200719621240166	0.0131890658576195	15.2186381815819	0	0.174869527169505	0.226569715310827	0.200719621240166	0.323579899548031
SEnonacad	~~	SEnonacad	2	2	0.245292277241571	0.0160233102480571	15.3084645709406	0	0.213887166242268	0.276697388240875	0.245292277241571	0.343475239348034
SEactivities	~~	SEactivities	2	2	0.288813147280366	0.0191843662841951	15.0546097276251	0	0.251212480297119	0.326413814263612	0.288813147280366	0.447081693394049
SEdiverse	~~	SEdiverse	2	2	0.221144932210891	0.0154300393870298	14.3321041938999	0	0.190902610732278	0.251387253689504	0.221144932210891	0.334436393932282
sameinst	~~	sameinst	2	2	0.0699405463756086	0.0191138583348675	3.65915374856698	0.000253049495145818	0.0324780724336676	0.10740302031755	0.0699405463756086	0.153970132301029
evalexp	~~	evalexp	2	2	0.139514307120445	0.0194432472994758	7.17546328406813	7.20534742981727e-13	0.101406242670967	0.177622371569923	0.139514307120445	0.286334804980338
MHWdacad	~~	MHWdacad	2	2	0.235643845312506	0.0149282394751447	15.7851061878294	0	0.206385033588633	0.264902657036378	0.235643845312506	0.182739689771062
MHWdlonely	~~	MHWdlonely	2	2	0.136030605428713	0.0109396492556779	12.4346404760747	0	0.114589286884084	0.157471923973342	0.136030605428713	0.106842181299947
MHWdmental	~~	MHWdmental	2	2	0.126940477959088	0.00993703442198311	12.7744830669264	0	0.107464248378866	0.146416707539309	0.126940477959088	0.111448222553912
MHWdexhaust	~~	MHWdexhaust	2	2	0.133861388131021	0.00988443579733375	13.542643290488	0	0.114488249960748	0.153234526301293	0.133861388131021	0.114462328543105
MHWdsleep	~~	MHWdsleep	2	2	0.187189394682757	0.0132027454920883	14.1780658269093	0	0.161312489021216	0.213066300344299	0.187189394682757	0.149653528562321
MHWdfinancial	~~	MHWdfinancial	2	2	0.33201238590553	0.0206558016327001	16.0735657617821	0	0.291527758633635	0.372497013177426	0.33201238590553	0.238134171188606
QIadmin	~~	QIadmin	2	2	0.267709046678603	0.0178312664059528	15.0134623410275	0	0.232760406724196	0.302657686633009	0.267709046678603	0.213474136712718
QIstudent	~~	QIstudent	2	2	0.242265472945489	0.0167814383615174	14.4365141846865	0	0.209374458148136	0.275156487742842	0.242265472945489	0.194626860275032
QIadvisor	~~	QIadvisor	2	2	0.186735611894705	0.0133754013945866	13.9611220916542	0	0.160520306882548	0.212950916906861	0.186735611894705	0.153051575319633
QIfaculty	~~	QIfaculty	2	2	0.130464833395552	0.0101430820890606	12.8624447924226	0	0.11058475780876	0.150344908982344	0.130464833395552	0.108671995683459
QIstaff	~~	QIstaff	2	2	0.174417577032315	0.0124593928362753	13.9988825558579	0	0.149997615803979	0.198837538260651	0.174417577032315	0.144496931818465
Belong	~~	Belong	2	2	0.327679937070608	0.0241679601575511	13.5584441108997	0	0.280311605582009	0.375048268559208	0.67509480747862	0.67509480747862
Gains	~~	Gains	2	2	0.271147014062053	0.0238872733380863	11.3511077729299	0	0.22432881863054	0.317965209493566	0.941111717492377	0.941111717492377
SupportEnv	~~	SupportEnv	2	2	0.314237378161616	0.0233341726190183	13.466831813248	0	0.268503240219299	0.359971516103933	0.773583042081999	0.773583042081999
Satisf	~~	Satisf	2	2	0.283955962106664	0.027349067925806	10.3826559236678	0	0.230352773961345	0.337559150251984	0.738878039160705	0.738878039160705
DevAdj	~~	DevAdj	2	2	0.157703646746966	0.0252936602585588	6.23490808111108	4.52043513732292e-10	0.108128983602999	0.207278309890934	1	1
EmoDiss	~~	EmoDiss	2	2	1.0538617109666	0.0816790933230436	12.9024658341706	0	0.893773629763553	1.21394979216966	1	1
QualEngag	~~	QualEngag	2	2	0.986349411179792	0.0659881095799656	14.9473809366294	0	0.857015092995177	1.11568372936441	1	1
DevAdj	~~	EmoDiss	2	2	-0.322598780172941	0.0366483240701478	-8.80255205000537	0	-0.394428175444183	-0.250769384901699	-0.791316169140336	-0.791316169140336
DevAdj	~~	QualEngag	2	2	0.251053215199846	0.0275416694421936	9.11539569984217	0	0.197072535019039	0.305033895380652	0.636545606311325	0.636545606311325
EmoDiss	~~	QualEngag	2	2	-0.246612504977118	0.0446809090990634	-5.51941556136081	3.40128980536036e-08	-0.33418547760779	-0.159039532346446	-0.241884414890001	-0.241884414890001
sbvalued	~1		2	2	2.37809975783016	0.0302378112188788	78.6465574712434	0	2.31883473686984	2.43736477879048	2.37809975783016	3.02547895345106
sbmyself	~1		2	2	2.37311808649428	0.0306495653061048	77.4274630910214	0	2.31304604235251	2.43319013063605	2.37311808649428	2.96631498738892
sbcommunity	~1		2	2	2.38085042911581	0.0301621195311594	78.9351168327624	0	2.32173376113734	2.43996709709427	2.38085042911581	3.03005385973157
pganalyze	~1		2	2	3.00382681301171	0.0280157685448296	107.219147252916	0	2.94891691566463	3.05873671035879	3.00382681301171	4.13181005246425
pgthink	~1		2	2	3.03185683232465	0.0257217257054452	117.871439383354	0	2.98144317632176	3.08227048832754	3.03185683232465	4.49372280628029
pgwork	~1		2	2	3.01930047363506	0.0258911947055795	116.614953769762	0	2.96855466449541	3.07004628277471	3.01930047363506	4.45897036419138
pgvalues	~1		2	2	3.00518670352163	0.0291204719768231	103.198420201206	0	2.94811162723425	3.06226177980901	3.00518670352163	3.99414941026392
pgprobsolve	~1		2	2	3.02332662603609	0.0260611613448373	116.008898683827	0	2.97224768840492	3.07440556366726	3.02332662603609	4.45344862765302
SEacademic	~1		2	2	2.61771121630526	0.0289236800423335	90.5040856652372	0	2.56102184512193	2.6744005874886	2.61771121630526	3.45383480538063
SEwellness	~1		2	2	2.6150220815606	0.0302608234697629	86.4160912267828	0	2.55571195741734	2.67433220570386	2.6150220815606	3.3202532768165
SEnonacad	~1		2	2	2.61275164829715	0.0325366350115219	80.3018396761655	0	2.54898101549644	2.67652228109785	2.61275164829715	3.09174673083797
SEactivities	~1		2	2	2.57135704607828	0.0306705767710092	83.8379097098952	0	2.51124382022203	2.63147027193453	2.57135704607828	3.19924388750008
SEdiverse	~1		2	2	2.56432422574182	0.0315278955543812	81.3350901051651	0	2.5025306859469	2.62611776553675	2.56432422574182	3.15348816566955
sameinst	~1		2	2	2.85751732028277	0.02597595915895	110.006229329099	0	2.80660537586734	2.90842926469819	2.85751732028277	4.23977297818574
evalexp	~1		2	2	2.85649732479634	0.0268915683870575	106.222786402117	0	2.80379081926991	2.90920383032277	2.85649732479634	4.09224398468568
MHWdacad	~1		2	2	4.39703884235669	0.0439274188939852	100.097819381752	0	4.31094268339068	4.48313500132271	4.39703884235669	3.87211897669497
MHWdlonely	~1		2	2	4.38918395455489	0.0437525555922133	100.318344726269	0	4.30343052136256	4.47493738774721	4.38918395455489	3.88988570156212
MHWdmental	~1		2	2	4.41402815871492	0.0414329745088379	106.534184693242	0	4.33282102090523	4.49523529652461	4.41402815871492	4.135915031428
MHWdexhaust	~1		2	2	4.42357155735521	0.0414135077013463	106.814703773846	0	4.3424025737871	4.50474054092332	4.42357155735521	4.0905026952611
MHWdsleep	~1		2	2	4.41421270072426	0.0434048879554889	101.69851619594	0	4.32914068357851	4.49928471787002	4.41421270072426	3.94689994120173
MHWdfinancial	~1		2	2	4.4055682940093	0.0460179083536119	95.7359526242681	0	4.31537485099235	4.49576173702624	4.4055682940093	3.73108939594231
QIadmin	~1		2	2	4.84451459611064	0.0433236765710908	111.821409897223	0	4.75960175035344	4.92942744186784	4.84451459611064	4.32604843898424
QIstudent	~1		2	2	4.84944222801631	0.0433921865701604	111.758420382326	0	4.76439510512836	4.93448935090427	4.84944222801631	4.34657738654611
QIadvisor	~1		2	2	4.83029129858625	0.0428118386154657	112.826065284692	0	4.746381636788	4.9142009603845	4.83029129858625	4.37299166778133
QIfaculty	~1		2	2	4.828880659012	0.0423695914119084	113.970432522387	0	4.74583778580499	4.91192353221902	4.828880659012	4.40715740242397
QIstaff	~1		2	2	4.80601408141814	0.0422264378953623	113.815285422074	0	4.72325178394781	4.88877637888847	4.80601408141814	4.37440739615951
Belong	~1		2	2	0	0	NA	NA	0	0	0	0
Gains	~1		2	2	0	0	NA	NA	0	0	0	0
SupportEnv	~1		2	2	0	0	NA	NA	0	0	0	0
Satisf	~1		2	2	0	0	NA	NA	0	0	0	0
DevAdj	~1		2	2	0	0	NA	NA	0	0	0	0
EmoDiss	~1		2	2	0	0	NA	NA	0	0	0	0
QualEngag	~1		2	2	0	0	NA	NA	0	0	0	0
Belong	=~	sbvalued	3	3	1	0	NA	NA	1	1	0.781492467410797	0.91121749819208
Belong	=~	sbmyself	3	3	1.02380666193543	0.0298517468934777	34.296373528449	0	0.965298313148605	1.08231501072225	0.800097194387528	0.897583749524696
Belong	=~	sbcommunity	3	3	1.01360658646022	0.0305740192527071	33.1525462217557	0	0.953682609862282	1.07353056305816	0.792125912236634	0.903829626137816
Gains	=~	pganalyze	3	3	1	0	NA	NA	1	1	0.548620386498677	0.745229011241559
Gains	=~	pgthink	3	3	1.0074386458366	0.053382846281788	18.8719544948711	0	0.902810189732059	1.11206710194114	0.55270137925258	0.804713012111482
Gains	=~	pgwork	3	3	0.922820704301653	0.056982022646975	16.1949446761284	0	0.811137992147336	1.03450341645597	0.506278251462954	0.712315748636077
Gains	=~	pgvalues	3	3	1.03804954788073	0.0634362234299748	16.3636719173013	0	0.913716834642741	1.16238226111871	0.569495144163102	0.764146666856207
Gains	=~	pgprobsolve	3	3	1.01517212403862	0.0627312588084136	16.1828750661459	0	0.892221116069272	1.13812313200798	0.556944123052753	0.774456498058126
SupportEnv	=~	SEacademic	3	3	1	0	NA	NA	1	1	0.670738441993615	0.848704652209802
SupportEnv	=~	SEwellness	3	3	1.0241631726519	0.0386652913879357	26.4879207136004	0	0.948380594079795	1.099945751224	0.68694561077177	0.841967382158098
SupportEnv	=~	SEnonacad	3	3	1.02882204176505	0.0410888916464842	25.0389338952414	0	0.948289293973276	1.10935478955683	0.690070493382181	0.823403249001022
SupportEnv	=~	SEactivities	3	3	0.985297783151196	0.0433514417655199	22.7281433563501	0	0.900330518612892	1.0702650476895	0.660877099970596	0.791211350012128
SupportEnv	=~	SEdiverse	3	3	1.06409111242431	0.0438375813059487	24.2734904783606	0	0.978171031895302	1.15001119295331	0.713726814886732	0.830655284756906
Satisf	=~	sameinst	3	3	1	0	NA	NA	1	1	0.664145203980144	0.896256476255116
Satisf	=~	evalexp	3	3	0.950616604321512	0.0506853260376577	18.7552626891505	0	0.851275190743033	1.04995801789999	0.631347458584022	0.869147990504211
DevAdj	=~	Belong	3	3	1	0	NA	NA	1	1	0.612829632544701	0.612829632544701
DevAdj	=~	Gains	3	3	0.499232476398546	0.0722694685894496	6.90793063990272	4.91784390987959e-12	0.357586920781376	0.640878032015716	0.435808243667088	0.435808243667088
DevAdj	=~	SupportEnv	3	3	0.92286539375239	0.077275510487863	11.9425337720329	0	0.771408176309231	1.07432261119555	0.658945833432955	0.658945833432955
DevAdj	=~	Satisf	3	3	0.966643534897007	0.069988091853884	13.8115429252607	0	0.829469395516713	1.1038176742773	0.697056310131208	0.697056310131208
EmoDiss	=~	MHWdacad	3	3	1	0	NA	NA	1	1	0.909424515611353	0.888092480591163
EmoDiss	=~	MHWdlonely	3	3	1.01382497064032	0.0295498046907397	34.3090244165991	0	0.955908417696282	1.07174152358437	0.921997282839271	0.912218189782833
EmoDiss	=~	MHWdmental	3	3	1.03059252129178	0.0280942310756643	36.683421536477	0	0.975528840210136	1.08565620237343	0.937246104468464	0.931434440964446
EmoDiss	=~	MHWdexhaust	3	3	1.04246332707373	0.0282140813532277	36.9483349120092	0	0.987164743764521	1.09776191038294	0.948041706266626	0.930123868715555
EmoDiss	=~	MHWdsleep	3	3	1.01687871287668	0.0297887825442607	34.1362964856246	0	0.958493771946636	1.07526365380673	0.924774430893373	0.90889108596349
EmoDiss	=~	MHWdfinancial	3	3	1.04099005744228	0.0353132060196674	29.478775075322	0	0.971777445465092	1.11020266941947	0.946701878745683	0.839471495423485
QualEngag	=~	QIadmin	3	3	1	0	NA	NA	1	1	1.07032184864989	0.905712676641587
QualEngag	=~	QIstudent	3	3	0.97277452419635	0.0273375016098163	35.5838853923303	0	0.919194005613804	1.0263550427789	1.04118182705735	0.909366303542355
QualEngag	=~	QIadvisor	3	3	1.00189907284752	0.0253991613492192	39.446147810637	0	0.952117631365527	1.05168051432951	1.07235446781077	0.930373935116363
QualEngag	=~	QIfaculty	3	3	1.00277717005662	0.023408475482393	42.8382092123374	0	0.956897401178142	1.0486569389351	1.07329431443891	0.944831896287097
QualEngag	=~	QIstaff	3	3	0.982436646063576	0.0253738363486375	38.7184906753893	0	0.932704840670633	1.03216845145652	1.05152340719616	0.910467727892356
sbvalued	~~	sbvalued	3	3	0.124808160574405	0.0134363708590644	9.2888296909584	0	0.0984733576077157	0.151142963541095	0.124808160574405	0.169682670988566
sbmyself	~~	sbmyself	3	3	0.154420643211207	0.0150993159200438	10.2269959797463	0	0.124826527816729	0.184014758605685	0.154420643211207	0.194343412589187
sbcommunity	~~	sbcommunity	3	3	0.140632170676918	0.0148884241281761	9.4457391505105	0	0.111451395599136	0.1698129457547	0.140632170676918	0.183092006915575
pganalyze	~~	pganalyze	3	3	0.240972105959205	0.017074561233693	14.1129310827442	0	0.207506580889343	0.274437631029067	0.240972105959205	0.444633720803929
pgthink	~~	pgthink	3	3	0.166257216611682	0.0131041189461083	12.687401365588	0	0.14057361542818	0.191940817795183	0.166257216611682	0.352436968138465
pgwork	~~	pgwork	3	3	0.248847561569036	0.0151170735198343	16.4613581618517	0	0.219218641918517	0.278476481219555	0.248847561569036	0.492606274245026
pgvalues	~~	pgvalues	3	3	0.231101791034828	0.0175833922817575	13.1431857591321	0	0.196638975436544	0.265564606633112	0.231101791034828	0.416079871532549
pgprobsolve	~~	pgprobsolve	3	3	0.206978326480451	0.0145550414810166	14.2203872624069	0	0.178450969384172	0.23550568357673	0.206978326480451	0.400217132615544
SEacademic	~~	SEacademic	3	3	0.174697358398788	0.0135118647843962	12.9291819586985	0	0.148214590057397	0.20118012674018	0.174697358398788	0.27970041331744
SEwellness	~~	SEwellness	3	3	0.193768350010684	0.0145128710969328	13.3514828814014	0	0.165323645348423	0.222213054672944	0.193768350010684	0.291090927381839
SEnonacad	~~	SEnonacad	3	3	0.226165937268098	0.0185114978298031	12.2175925118266	0	0.189884068221792	0.262447806314403	0.226165937268098	0.32200708953456
SEactivities	~~	SEactivities	3	3	0.260921645188072	0.0166130412152492	15.7058326532394	0	0.228360682732504	0.29348260764364	0.260921645188072	0.373984599611986
SEdiverse	~~	SEdiverse	3	3	0.228876173525003	0.0177046893655779	12.9274323202751	0	0.194175620011001	0.263576727039005	0.228876173525003	0.310011797905423
sameinst	~~	sameinst	3	3	0.10802382225674	0.0203984184730091	5.29569595798201	1.1856397108545e-07	0.0680436567080655	0.148003987805414	0.10802382225674	0.196724328770763
evalexp	~~	evalexp	3	3	0.12905460237489	0.0189633957335533	6.80545848371157	1.00728314578191e-11	0.0918870297125451	0.166222175037235	0.12905460237489	0.244581770602492
MHWdacad	~~	MHWdacad	3	3	0.221564134496539	0.017368333777551	12.7567869972027	0	0.187522825821068	0.255605443172009	0.221564134496539	0.211291745917435
MHWdlonely	~~	MHWdlonely	3	3	0.171476181593893	0.0126027087350424	13.6062956939643	0	0.146775326365562	0.196177036822225	0.171476181593893	0.167857974229331
MHWdmental	~~	MHWdmental	3	3	0.134087624154199	0.0113832718852668	11.7793570693631	0	0.111776821232849	0.15639842707555	0.134087624154199	0.13242988218525
MHWdexhaust	~~	MHWdexhaust	3	3	0.140115874403818	0.0116073455822958	12.0713106549985	0	0.117365895106408	0.162865853701228	0.140115874403818	0.13486958884561
MHWdsleep	~~	MHWdsleep	3	3	0.180048687062139	0.014345395951334	12.5509736833299	0	0.151932227653558	0.208165146470721	0.180048687062139	0.173916993856108
MHWdfinancial	~~	MHWdfinancial	3	3	0.375543104505917	0.0268749336603883	13.9737314053147	0	0.322869202444653	0.428217006567182	0.375543104505917	0.295287608371458
QIadmin	~~	QIadmin	3	3	0.250933485487677	0.0185641579159679	13.5170949645843	0	0.214548404569066	0.287318566406289	0.250933485487677	0.179684547370731
QIstudent	~~	QIstudent	3	3	0.226858152223541	0.0159852449556531	14.1917219819215	0	0.195527647826411	0.258188656620672	0.226858152223541	0.173052925981713
QIadvisor	~~	QIadvisor	3	3	0.178556208978111	0.015354429737827	11.6289704031288	0	0.14846207968882	0.208650338267403	0.178556208978111	0.134404340856094
QIfaculty	~~	QIfaculty	3	3	0.138451826746131	0.0115880702617068	11.9477897198855	0	0.115739626382866	0.161164027109396	0.138451826746131	0.107292687758528
QIstaff	~~	QIstaff	3	3	0.228154000398428	0.0175803760328665	12.9777656616613	0	0.193697096539338	0.262610904257517	0.228154000398428	0.171048516466531
Belong	~~	Belong	3	3	0.381364442004506	0.0329938696630365	11.5586454665472	0	0.316697645754346	0.446031238254666	0.624439841475127	0.624439841475127
Gains	~~	Gains	3	3	0.243818728555264	0.0234542129501588	10.3955195202409	0	0.19784931588722	0.289788141223308	0.810071174751808	0.810071174751808
SupportEnv	~~	SupportEnv	3	3	0.254543470499294	0.0214969940514334	11.8408866788667	0	0.212410136382613	0.296676804615975	0.565790388601348	0.565790388601348
Satisf	~~	Satisf	3	3	0.226769292631646	0.0209899538343164	10.8037061168234	0	0.185629739079227	0.267908846184064	0.514112500506266	0.514112500506266
DevAdj	~~	DevAdj	3	3	0.229366034615309	0.0277097883543709	8.27743726087064	2.22044604925031e-16	0.175055847421515	0.283676221809104	1	1
EmoDiss	~~	EmoDiss	3	3	0.827052949594944	0.0559352193502576	14.7859069688467	0	0.717421934201091	0.936683964988797	1	1
QualEngag	~~	QualEngag	3	3	1.14558885969732	0.0670270232526001	17.0914476595509	0	1.01421830813129	1.27695941126334	1	1
DevAdj	~~	EmoDiss	3	3	-0.305606025959933	0.0281042456391536	-10.8740163277742	0	-0.360689335225341	-0.250522716694525	-0.701666436235283	-0.701666436235283
DevAdj	~~	QualEngag	3	3	0.379820746131558	0.030665596656685	12.3858912769192	0	0.319717281120023	0.439924211143092	0.740968487858388	0.740968487858388
EmoDiss	~~	QualEngag	3	3	-0.298530676656956	0.0412476621739256	-7.23751749609871	4.56967796935714e-13	-0.379374608964325	-0.217686744349586	-0.306695862453077	-0.306695862453077
sbvalued	~1		3	3	2.80908897145533	0.0361764765743488	77.6496009964423	0	2.73818438028205	2.87999356262861	2.80908897145533	3.27538796790855
sbmyself	~1		3	3	2.77023273748125	0.0376269339094963	73.6236639462696	0	2.69648530216997	2.84398017279253	2.77023273748125	3.10776728753299
sbcommunity	~1		3	3	2.81274087942324	0.0366277867227745	76.7925427957766	0	2.74095173661319	2.88453002223329	2.81274087942324	3.20938691463007
pganalyze	~1		3	3	2.84299423930111	0.0310142496598086	91.6673551830387	0	2.78220742696036	2.90378105164187	2.84299423930111	3.86183568467324
pgthink	~1		3	3	2.84583198123406	0.0289447085787063	98.3195934930798	0	2.78910139487679	2.90256256759133	2.84583198123406	4.14342737606143
pgwork	~1		3	3	2.82651900544889	0.0293365293391482	96.3481048754134	0	2.76902046451276	2.88401754638502	2.82651900544889	3.97681313701019
pgvalues	~1		3	3	2.84122546966085	0.0314147663031065	90.4423557459312	0	2.77965365912402	2.90279728019768	2.84122546966085	3.81234676832731
pgprobsolve	~1		3	3	2.85368456246331	0.03028555484137	94.2259297348313	0	2.79432596572241	2.9130431592042	2.85368456246331	3.96818004056492
SEacademic	~1		3	3	2.77531284549952	0.0330587211968384	83.9510043045749	0	2.71051894257876	2.84010674842027	2.77531284549952	3.51168320740961
SEwellness	~1		3	3	2.76908111736562	0.0346867187815198	79.831163472312	0	2.70109639781197	2.83706583691927	2.76908111736562	3.39397463614679
SEnonacad	~1		3	3	2.78084276950557	0.0356121094715873	78.0869993597045	0	2.71104431752776	2.85064122148337	2.78084276950557	3.31814646957199
SEactivities	~1		3	3	2.76461649162833	0.0352061961836337	78.5264183954504	0	2.69561361507576	2.8336193681809	2.76461649162833	3.30983770916614
SEdiverse	~1		3	3	2.74457898558277	0.0367585677466021	74.6650142764737	0	2.67253351667615	2.81662445448939	2.74457898558277	3.19421799945807
sameinst	~1		3	3	2.92757507610332	0.0310247131968718	94.3626797619681	0	2.86676775560677	2.98838239659988	2.92757507610332	3.95072960845941
evalexp	~1		3	3	2.93779369257694	0.0297243023617484	98.8347398981357	0	2.87953513048234	2.99605225467155	2.93779369257694	4.04433002731313
MHWdacad	~1		3	3	3.24152848948343	0.0428117792578512	75.7158087254448	0	3.15761894402396	3.3254380349429	3.24152848948343	3.16549315277369
MHWdlonely	~1		3	3	3.26614369312335	0.0427023290354321	76.4863127351503	0	3.18244866615793	3.34983872008878	3.26614369312335	3.23150159199655
MHWdmental	~1		3	3	3.26499007359001	0.0429241430097836	76.0641877659811	0	3.18086029922359	3.34911984795643	3.26499007359001	3.24474456543457
MHWdexhaust	~1		3	3	3.25018753342625	0.0429315686308709	75.7062375561356	0	3.16604320510993	3.33433186174256	3.25018753342625	3.18875950568284
MHWdsleep	~1		3	3	3.24601541902026	0.0423705743447591	76.6101349631992	0	3.16297061930026	3.32906021874027	3.24601541902026	3.19026389645901
MHWdfinancial	~1		3	3	3.26429595578277	0.0479898550331714	68.0205421234641	0	3.17023756829446	3.35835434327109	3.26429595578277	2.89455790574377
QIadmin	~1		3	3	4.97993197365969	0.0490139563949624	101.60232594836	0	4.88386638438575	5.07599756293364	4.97993197365969	4.21404788012669
QIstudent	~1		3	3	4.95531420299268	0.0473605999882315	104.629464242936	0	4.86248913272954	5.04813927325582	4.95531420299268	4.32796236215729
QIadvisor	~1		3	3	4.96673694068655	0.0479372545864972	103.609123708256	0	4.87278164817929	5.06069223319382	4.96673694068655	4.3091372590894
QIfaculty	~1		3	3	4.93886720496487	0.0472220043172161	104.588258723365	0	4.84631377722533	5.0314206327044	4.93886720496487	4.34773500986688
QIstaff	~1		3	3	4.94574487848485	0.0477901127131292	103.488872440473	0	4.85207797875	5.03941177821969	4.94574487848485	4.28230229725102
Belong	~1		3	3	0	0	NA	NA	0	0	0	0
Gains	~1		3	3	0	0	NA	NA	0	0	0	0
SupportEnv	~1		3	3	0	0	NA	NA	0	0	0	0
Satisf	~1		3	3	0	0	NA	NA	0	0	0	0
DevAdj	~1		3	3	0	0	NA	NA	0	0	0	0
EmoDiss	~1		3	3	0	0	NA	NA	0	0	0	0
QualEngag	~1		3	3	0	0	NA	NA	0	0	0	0
Belong	=~	sbvalued	4	4	1	0	NA	NA	1	1	0.629471802480588	0.831254470121397
Belong	=~	sbmyself	4	4	0.944884778457524	0.0511299489515728	18.480064968429	0	0.84467191998107	1.04509763693398	0.594778324632129	0.81677146590238
Belong	=~	sbcommunity	4	4	1.00275272160505	0.0553675360703719	18.1108424317556	0	0.894234344994399	1.1112710982157	0.631204563111046	0.871691534873856
Gains	=~	pganalyze	4	4	1	0	NA	NA	1	1	0.504805909867881	0.70989290092745
Gains	=~	pgthink	4	4	1.03782182225569	0.0743742048545455	13.9540560371082	0	0.892051059361978	1.1835925851494	0.523898589264527	0.78987163833381
Gains	=~	pgwork	4	4	1.05255494652629	0.0733153474074362	14.3565431215502	0	0.908859506093672	1.19625038695891	0.531335957467143	0.755064205354887
Gains	=~	pgvalues	4	4	1.07791727894212	0.0799490610653639	13.4825508214642	0	0.92121999865621	1.23461455922802	0.544139012758686	0.736857616277211
Gains	=~	pgprobsolve	4	4	1.00266395385793	0.0777160745494859	12.901628905864	0	0.850343246721106	1.15498466099475	0.506150689518979	0.742558336732716
SupportEnv	=~	SEacademic	4	4	1	0	NA	NA	1	1	0.562786110667745	0.807993455363245
SupportEnv	=~	SEwellness	4	4	1.06745308555113	0.0518723068692477	20.5784772256575	0	0.965785232292394	1.16912093880986	0.600747770337604	0.813118810819334
SupportEnv	=~	SEnonacad	4	4	0.929594798468975	0.0552581487606683	16.8227640505149	0	0.821290817045708	1.03789877989224	0.523163041127321	0.725536510197313
SupportEnv	=~	SEactivities	4	4	1.02191726154128	0.0596802159223538	17.1232165592504	0	0.904946187743898	1.13888833533867	0.575120841047053	0.739074839755672
SupportEnv	=~	SEdiverse	4	4	0.997115984011516	0.056863067135498	17.5353886844602	0	0.885666420375456	1.10856554764758	0.561163026526483	0.759401968619094
Satisf	=~	sameinst	4	4	1	0	NA	NA	1	1	0.557027930015909	0.886207321544246
Satisf	=~	evalexp	4	4	0.921233971135574	0.163254600134296	5.64292810357413	1.67182172550184e-08	0.601260834561867	1.24120710770928	0.513153052001985	0.813889036166758
DevAdj	=~	Belong	4	4	1	0	NA	NA	1	1	0.309890905909763	0.309890905909763
DevAdj	=~	Gains	4	4	0.345962071647161	0.130457170587082	2.65192070386217	0.00800353358717487	0.0902707157714827	0.601653427522839	0.133686997775652	0.133686997775652
DevAdj	=~	SupportEnv	4	4	0.385045744287994	0.155861521597157	2.47043491133875	0.0134948874532299	0.0795627753819549	0.690528713194032	0.13346090609482	0.13346090609482
DevAdj	=~	Satisf	4	4	0.591227328381145	0.164470673865587	3.59472795049361	0.000324730720773658	0.268870731091561	0.91358392567073	0.207043995766383	0.207043995766383
EmoDiss	=~	MHWdacad	4	4	1	0	NA	NA	1	1	0.895510206261985	0.889784646961428
EmoDiss	=~	MHWdlonely	4	4	0.947786123005787	0.0374934571530595	25.2787071391321	0	0.874300297329895	1.02127194868168	0.84875214650516	0.895508863827337
EmoDiss	=~	MHWdmental	4	4	0.984479433691497	0.0322336404340611	30.5419872044984	0	0.921302659350123	1.04765620803287	0.881611380725754	0.92738013412113
EmoDiss	=~	MHWdexhaust	4	4	0.994337077330474	0.0340285024329871	29.2207122334766	0	0.927642438113986	1.06103171654696	0.890439001214152	0.92322752931483
EmoDiss	=~	MHWdsleep	4	4	0.93054068011747	0.0301738909164241	30.8392670569032	0	0.871400940647838	0.989680419587101	0.833308676387163	0.896999563664014
EmoDiss	=~	MHWdfinancial	4	4	1.03939752552835	0.0367960149206275	28.2475569099107	0	0.967278661509323	1.11151638954738	0.930791092474091	0.855891478199323
QualEngag	=~	QIadmin	4	4	1	0	NA	NA	1	1	0.864600652348918	0.8571513666229
QualEngag	=~	QIstudent	4	4	1.01198155149196	0.035426385434867	28.5657579532785	0	0.942547111937189	1.08141599104674	0.874959909585021	0.87959903929768
QualEngag	=~	QIadvisor	4	4	1.05147626440869	0.0330251291690591	31.8386722736519	0	0.986748200652555	1.11620432816483	0.90910706413716	0.928588609004516
QualEngag	=~	QIfaculty	4	4	1.05080285438001	0.0372254552357901	28.2280726380406	0	0.977842302809756	1.12376340595027	0.908524833387064	0.920313480842439
QualEngag	=~	QIstaff	4	4	0.981731293384272	0.0393914113737108	24.9224706388526	0	0.904525545791597	1.05893704097695	0.848805516691388	0.881607200910719
sbvalued	~~	sbvalued	4	4	0.177200746945828	0.0193533073526448	9.15609635691604	0	0.13926896155291	0.215132532338746	0.177200746945828	0.309016005903196
sbmyself	~~	sbmyself	4	4	0.176523512079597	0.0176297672152242	10.012810148007	0	0.141969803281933	0.211077220877262	0.176523512079597	0.332884372487678
sbcommunity	~~	sbcommunity	4	4	0.12592274681608	0.0162986797263615	7.72594767982419	1.11022302462516e-14	0.0939779215568586	0.157867572075302	0.12592274681608	0.240153868029261
pganalyze	~~	pganalyze	4	4	0.250836343033575	0.0184087630062343	13.6259205981753	0	0.214755830541423	0.286916855525728	0.250836343033575	0.49605206921281
pgthink	~~	pgthink	4	4	0.165458079373845	0.016625319232912	9.95217457516843	0	0.132873052445857	0.198043106301834	0.165458079373845	0.376102794955862
pgwork	~~	pgwork	4	4	0.212870713218833	0.0178701882424132	11.9120576868689	0	0.177845787866752	0.247895638570913	0.212870713218833	0.429878045791793
pgvalues	~~	pgvalues	4	4	0.24923417752914	0.0193201149250897	12.900243010743	0	0.21136744809879	0.287100906959491	0.24923417752914	0.457040853334266
pgprobsolve	~~	pgprobsolve	4	4	0.208432130562298	0.0171493929415523	12.1539072124982	0	0.17481993804013	0.242044323084466	0.208432130562298	0.448607116548742
SEacademic	~~	SEacademic	4	4	0.168416229987363	0.0170634378481201	9.87000576826418	0	0.13497250635261	0.201859953622116	0.168416229987363	0.347146576090164
SEwellness	~~	SEwellness	4	4	0.18495589223733	0.0178040148401081	10.3884373214894	0	0.150060664370502	0.219851120104159	0.18495589223733	0.338837799491752
SEnonacad	~~	SEnonacad	4	4	0.24624323144662	0.0191673125273749	12.8470400372997	0	0.208675989212542	0.283810473680699	0.24624323144662	0.473596772370704
SEactivities	~~	SEactivities	4	4	0.274773981296992	0.0213762217488537	12.8541883839564	0	0.232877356543697	0.316670606050287	0.274773981296992	0.453768381240127
SEdiverse	~~	SEdiverse	4	4	0.231148885349406	0.0224097609378947	10.3146519942805	0	0.18722656100898	0.275071209689832	0.231148885349406	0.423308650057444
sameinst	~~	sameinst	4	4	0.0847982758951247	0.0555315988017797	1.52702745328498	0.126754184892448	-0.0240416577602911	0.19363820955054	0.0847982758951247	0.214636583241374
evalexp	~~	evalexp	4	4	0.134198020613675	0.0480527283923103	2.79272426568707	0.0052266223236539	0.0400164036058616	0.228379637621489	0.134198020613675	0.337584636807545
MHWdacad	~~	MHWdacad	4	4	0.210972416175108	0.0189422023146572	11.1376920524104	0	0.173846381850509	0.248098450499707	0.210972416175108	0.208283282031726
MHWdlonely	~~	MHWdlonely	4	4	0.177921022000392	0.0167331782427662	10.6328289473225	0	0.145124595297681	0.210717448703103	0.177921022000392	0.198063874806673
MHWdmental	~~	MHWdmental	4	4	0.126491580672238	0.0125370909515497	10.089388452319	0	0.101919333936297	0.151063827408178	0.126491580672238	0.139966086837474
MHWdexhaust	~~	MHWdexhaust	4	4	0.13734948639573	0.013553048770249	10.1342132478143	0	0.110785998925328	0.163912973866133	0.13734948639573	0.147650929115235
MHWdsleep	~~	MHWdsleep	4	4	0.168629533796129	0.0143345609368168	11.763843660047	0	0.140534310625774	0.196724756966485	0.168629533796129	0.195391782786569
MHWdfinancial	~~	MHWdfinancial	4	4	0.316307342535485	0.0239648457715148	13.1988056819233	0	0.269337107928259	0.363277577142711	0.316307342535485	0.267449777545778
QIadmin	~~	QIadmin	4	4	0.269922735177737	0.021044903340068	12.8260382485969	0	0.228675482573077	0.311169987782397	0.269922735177737	0.265291534696495
QIstudent	~~	QIstudent	4	4	0.223924690377209	0.0191973929554238	11.6643281146123	0	0.186298491587516	0.261550889166903	0.223924690377209	0.226305530066599
QIadvisor	~~	QIadvisor	4	4	0.132005021154491	0.0143467372671127	9.20104820327955	0	0.103885932815292	0.160124109493691	0.132005021154491	0.137723195227059
QIfaculty	~~	QIfaculty	4	4	0.149127942271697	0.0158445165851391	9.41195911344918	0	0.118073260412377	0.180182624131017	0.149127942271697	0.153023096979674
QIstaff	~~	QIstaff	4	4	0.206500156124388	0.0176375485669865	11.707985117099	0	0.171931196157518	0.241069116091257	0.206500156124388	0.222768743302367
Belong	~~	Belong	4	4	0.358183386575152	0.0418144268819729	8.56602405639027	0	0.276228615852301	0.440138157298002	0.903967626434427	0.903967626434427
Gains	~~	Gains	4	4	0.250274648256961	0.033877116444774	7.38771992784436	1.49436019114546e-13	0.183876720125134	0.316672576388788	0.982127786625733	0.982127786625733
SupportEnv	~~	SupportEnv	4	4	0.311086702632691	0.0302483621146287	10.2844147876107	0	0.251801002296693	0.370372402968689	0.98218818654435	0.98218818654435
Satisf	~~	Satisf	4	4	0.296979270058656	0.0568983045161465	5.21947486105459	1.7943116703556e-07	0.185460642425616	0.408497897691695	0.95713278381709	0.95713278381709
DevAdj	~~	DevAdj	4	4	0.0380513635430088	0.0256883353676095	1.48127011729175	0.138534608165571	-0.0122968486002924	0.0883995756863099	1	1
EmoDiss	~~	EmoDiss	4	4	0.801938529519383	0.0645781162345496	12.4181158615206	0	0.675367747510224	0.928509311528541	1	1
QualEngag	~~	QualEngag	4	4	0.747534288042174	0.0630955432499176	11.8476559442754	0	0.623869295687346	0.871199280397002	1	1
DevAdj	~~	EmoDiss	4	4	-0.14204563737957	0.0272808713311742	-5.2067852106048	1.92140278576503e-07	-0.195515162655543	-0.0885761121035974	-0.813152961283686	-0.813152961283686
DevAdj	~~	QualEngag	4	4	0.15186244905909	0.0280738371678974	5.40939409710422	6.32383325704922e-08	0.0968387393021686	0.20688615881601	0.900429528044654	0.900429528044654
EmoDiss	~~	QualEngag	4	4	-0.064099360955248	0.0357998210351313	-1.79049389359644	0.0733745480449226	-0.134265720837085	0.00606699892658891	-0.0827880400310102	-0.0827880400310102
sbvalued	~1		4	4	2.79019280633096	0.0363764239556591	76.7033287750344	0	2.71889632549151	2.86148928717041	2.79019280633096	3.68461340702343
sbmyself	~1		4	4	2.83368672325535	0.0351975148395725	80.5081476965367	0	2.76470086182447	2.90267258468622	2.83368672325535	3.89132280550554
sbcommunity	~1		4	4	2.79029129967002	0.0351175957961323	79.4556471310979	0	2.72146207668596	2.85912052265407	2.79029129967002	3.8533835905217
pganalyze	~1		4	4	2.95046274095455	0.0353471633111492	83.4709907265432	0	2.88118357390904	3.01974190800005	2.95046274095455	4.14914428161659
pgthink	~1		4	4	2.94507204520853	0.0325860340869152	90.378351577037	0	2.88120459199918	3.00893949841788	2.94507204520853	4.44022742001584
pgwork	~1		4	4	2.9858576782188	0.0347730211474302	85.8670768225574	0	2.91770380913619	3.05401154730141	2.9858576782188	4.24310499491555
pgvalues	~1		4	4	2.93439270257043	0.0358746489609655	81.7957189145819	0	2.86407968264892	3.00470572249194	2.93439270257043	3.97367136216751
pgprobsolve	~1		4	4	2.9523278963923	0.0336703531389939	87.6833065636364	0	2.88633521689313	3.01832057589147	2.9523278963923	4.33127078087772
SEacademic	~1		4	4	2.82522564338555	0.0339794799341166	83.1450525100273	0	2.75862708650128	2.89182420026982	2.82522564338555	4.05618366642246
SEwellness	~1		4	4	2.80760819208724	0.0364832053815527	76.9561819671382	0	2.73610242349882	2.87911396067567	2.80760819208724	3.80012901773012
SEnonacad	~1		4	4	2.82710957013538	0.0340732039495559	82.9716387786956	0	2.76032731755636	2.89389182271439	2.82710957013538	3.92071123189732
SEactivities	~1		4	4	2.79820404381385	0.0378750009161454	73.8799729671038	0	2.72397040610379	2.87243768152392	2.79820404381385	3.59590899456937
SEdiverse	~1		4	4	2.82357373966885	0.0356380750876533	79.2291315601124	0	2.75372439601871	2.89342308331898	2.82357373966885	3.82104193449479
sameinst	~1		4	4	3.12239092112145	0.0311736049418919	100.161368149165	0	3.06129177816706	3.18349006407583	3.12239092112145	4.96758877951071
evalexp	~1		4	4	3.07684929854862	0.0311976788231713	98.624302019013	0	3.01570297165395	3.13799562544328	3.07684929854862	4.88005264756062
MHWdacad	~1		4	4	3.36070275110078	0.0507502103258141	66.220469423185	0	3.26123416665436	3.46017133554721	3.36070275110078	3.33921566724801
MHWdlonely	~1		4	4	3.34756410523191	0.0483389782854995	69.2518589338099	0	3.25282144874287	3.44230676172095	3.34756410523191	3.5319773161212
MHWdmental	~1		4	4	3.41188481420806	0.0480721936384818	70.9741860308378	0	3.3176650460188	3.50610458239732	3.41188481420806	3.58901242177861
MHWdexhaust	~1		4	4	3.34523431079482	0.0485512562719229	68.9010865560108	0	3.25007559709768	3.44039302449196	3.34523431079482	3.46841547093413
MHWdsleep	~1		4	4	3.39226752476685	0.0465432209284268	72.8842451617908	0	3.30104448802265	3.48349056151106	3.39226752476685	3.6515430305369
MHWdfinancial	~1		4	4	3.35912962855923	0.0540693651230226	62.126300557003	0	3.25315562025116	3.4651036368673	3.35912962855923	3.08882459930797
QIadmin	~1		4	4	5.12104585375784	0.0493440980843615	103.782337758056	0	5.02433319866288	5.2177585088528	5.12104585375784	5.07692359491263
QIstudent	~1		4	4	5.09231563906586	0.049589900614995	102.68856311291	0	4.99512121986355	5.18951005826817	5.09231563906586	5.11931563361262
QIadvisor	~1		4	4	5.08567394439669	0.0482922133565959	105.310433937733	0	4.99102294548403	5.18032494330934	5.08567394439669	5.1946564713585
QIfaculty	~1		4	4	5.0983250009209	0.0484082813131633	105.319273120621	0	5.00344651299362	5.19320348884818	5.0983250009209	5.1644787854297
QIstaff	~1		4	4	5.09624512456389	0.0470882630276413	108.227502925142	0	5.00395382493516	5.18853642419261	5.09624512456389	5.2931870859355
Belong	~1		4	4	0	0	NA	NA	0	0	0	0
Gains	~1		4	4	0	0	NA	NA	0	0	0	0
SupportEnv	~1		4	4	0	0	NA	NA	0	0	0	0
Satisf	~1		4	4	0	0	NA	NA	0	0	0	0
DevAdj	~1		4	4	0	0	NA	NA	0	0	0	0
EmoDiss	~1		4	4	0	0	NA	NA	0	0	0	0
QualEngag	~1		4	4	0	0	NA	NA	0	0	0	0
Belong	=~	sbvalued	5	5	1	0	NA	NA	1	1	0.623056776674596	0.877829743170502
Belong	=~	sbmyself	5	5	0.946829890646154	0.0671013130547077	14.1104525014913	0	0.81531373374358	1.07834604754873	0.589928779725153	0.820993713921067
Belong	=~	sbcommunity	5	5	0.955965212831838	0.0679936296343587	14.0596290854396	0	0.82270014757034	1.08923027809334	0.59562060412005	0.850120969099959
Gains	=~	pganalyze	5	5	1	0	NA	NA	1	1	0.504207753388824	0.719360204945063
Gains	=~	pgthink	5	5	1.01933353841157	0.128587697203374	7.92714669117524	2.22044604925031e-15	0.767306283038014	1.27136079378512	0.513955873356377	0.773728791296721
Gains	=~	pgwork	5	5	1.11732297259155	0.130012851320255	8.59394253141401	0	0.862502466476486	1.37214347870661	0.563362905820106	0.793801841574025
Gains	=~	pgvalues	5	5	0.868663001637044	0.124353663858746	6.98542346628212	2.83995049699115e-12	0.624934299128302	1.11239170414579	0.437986620507406	0.650423287214264
Gains	=~	pgprobsolve	5	5	0.998590984747109	0.122469063186953	8.15382235122294	4.44089209850063e-16	0.758556031680322	1.2386259378139	0.503497316973673	0.753581154459071
SupportEnv	=~	SEacademic	5	5	1	0	NA	NA	1	1	0.560607632067347	0.820597545109991
SupportEnv	=~	SEwellness	5	5	1.00246336334675	0.130283289258253	7.69448920927706	1.4210854715202e-14	0.74711280861316	1.25781391808034	0.56198861236009	0.751100034511655
SupportEnv	=~	SEnonacad	5	5	1.04462353446135	0.0933238756898271	11.1935292736157	0	0.861712099211596	1.2275349697111	0.5856239260562	0.747258079892759
SupportEnv	=~	SEactivities	5	5	1.21872574397509	0.102892866774975	11.8446086903228	0	1.01705943083006	1.42039205712011	0.683226953469388	0.79551270240851
SupportEnv	=~	SEdiverse	5	5	1.06197246395203	0.0992157012570483	10.7036734155682	0	0.867513262787327	1.25643166511673	0.595349868336872	0.78761098832569
Satisf	=~	sameinst	5	5	1	0	NA	NA	1	1	0.437747667527846	0.713157317214145
Satisf	=~	evalexp	5	5	1.38281977065656	0.348005895409537	3.97355271533329	7.08084777467644e-05	0.700740749246253	2.06489879206686	0.605326129216299	0.965102613359366
DevAdj	=~	Belong	5	5	1	0	NA	NA	1	1	0.346214973546917	0.346214973546917
DevAdj	=~	Gains	5	5	0.618539257568178	0.357574527118318	1.72981913044245	0.0836625953874797	-0.0822939373726662	1.31937245250902	0.264625212562061	0.264625212562061
DevAdj	=~	SupportEnv	5	5	1.39305527740659	0.47157117173153	2.9540721759804	0.0031361064988269	0.468792764665435	2.31731779014774	0.536022246802385	0.536022246802385
DevAdj	=~	Satisf	5	5	0.857403605399123	0.321572720945917	2.66628214879994	0.00766952955014832	0.227132653934577	1.48767455686367	0.422507999048081	0.422507999048081
EmoDiss	=~	MHWdacad	5	5	1	0	NA	NA	1	1	0.789949340896511	0.88800913623238
EmoDiss	=~	MHWdlonely	5	5	1.07900186884282	0.0603139011926545	17.8897708075005	0	0.96078879473811	1.19721494294753	0.852356815118489	0.92181173035482
EmoDiss	=~	MHWdmental	5	5	1.01569229658051	0.0600519799744029	16.9135521761888	0	0.897992578630359	1.13339201453066	0.802345460237437	0.905275670978214
EmoDiss	=~	MHWdexhaust	5	5	1.00618549915093	0.0467442954700854	21.5253110359713	0	0.914568363546867	1.097802634755	0.794835571873906	0.904309413929893
EmoDiss	=~	MHWdsleep	5	5	0.945634860548713	0.0591174731797077	15.995860609166	0	0.829766742259473	1.06150297883795	0.747003634819219	0.817642644354759
EmoDiss	=~	MHWdfinancial	5	5	1.0835165946574	0.0771160100279122	14.0504753068166	0	0.93237199237126	1.23466119694354	0.855923219800043	0.836985350126917
QualEngag	=~	QIadmin	5	5	1	0	NA	NA	1	1	1.05218476210313	0.914902957473839
QualEngag	=~	QIstudent	5	5	0.972350427089441	0.0485187637073743	20.0407090533854	0	0.877255397648578	1.0674454565303	1.02309230280798	0.901217088033194
QualEngag	=~	QIadvisor	5	5	0.966048000689877	0.0386699311075764	24.981890916806	0	0.890256328434382	1.04183967294537	1.01646098578608	0.934765556560064
QualEngag	=~	QIfaculty	5	5	0.946571614774965	0.0432040719161489	21.9093148583792	0	0.861893189833835	1.0312500397161	0.995968229305568	0.933480902297592
QualEngag	=~	QIstaff	5	5	0.922717458779928	0.0506324523971641	18.2238350128111	0	0.823479675632548	1.02195524192731	0.970869249854759	0.895933083730395
sbvalued	~~	sbvalued	5	5	0.115572994196184	0.0266396492603262	4.33838272669393	1.43535040717513e-05	0.0633602410851653	0.167785747307202	0.115572994196184	0.229414942005211
sbmyself	~~	sbmyself	5	5	0.168304695547785	0.0263773061852761	6.38066276994323	1.76323178280313e-10	0.116606125415458	0.220003265680111	0.168304695547785	0.325969321702094
sbcommunity	~~	sbcommunity	5	5	0.136119068996174	0.0246268503564275	5.5272626026514	3.25265916423234e-08	0.0878513292449185	0.184386808747429	0.136119068996174	0.277294337896546
pganalyze	~~	pganalyze	5	5	0.237051302913053	0.0328630775842063	7.21330198931147	5.46007683510652e-13	0.172640854426863	0.301461751399242	0.237051302913053	0.482520895541396
pgthink	~~	pgthink	5	5	0.177088624135545	0.0297228195973876	5.9580021860076	2.55340104615698e-09	0.118832968205684	0.235344280065406	0.177088624135545	0.401343757518515
pgwork	~~	pgwork	5	5	0.186299435603799	0.0311596325774479	5.97887138562201	2.24688867511702e-09	0.1252276779805	0.247371193227098	0.186299435603799	0.369878636313686
pgvalues	~~	pgvalues	5	5	0.261617843254655	0.037891650288129	6.90436656269408	5.04285502245239e-12	0.187351573375136	0.335884113134175	0.261617843254655	0.57694954744939
pgprobsolve	~~	pgprobsolve	5	5	0.19290080996618	0.0329225268305854	5.85923464984387	4.65005256522488e-09	0.128373843098179	0.257427776834181	0.19290080996618	0.432115443644133
SEacademic	~~	SEacademic	5	5	0.15244034371387	0.0201952845702297	7.54831372560034	4.41868763800812e-14	0.112858313298682	0.192022374129058	0.15244034371387	0.326619668959457
SEwellness	~~	SEwellness	5	5	0.24400305287769	0.0345422251641078	7.06390661627755	1.6189272145084e-12	0.176301535610165	0.311704570145214	0.24400305287769	0.43584873815659
SEnonacad	~~	SEnonacad	5	5	0.271225627312081	0.0360354200236005	7.52663982088868	5.19584375524573e-14	0.200597501898051	0.341853752726112	0.271225627312081	0.441605362034988
SEactivities	~~	SEactivities	5	5	0.27082612894319	0.0422660560449519	6.40765082635469	1.47778900227991e-10	0.187986181326533	0.353666076559847	0.27082612894319	0.367159540306709
SEdiverse	~~	SEdiverse	5	5	0.216933213826363	0.0282825499069035	7.67021412639362	1.70974345792274e-14	0.161500434617876	0.272365993034851	0.216933213826363	0.37966893106863
sameinst	~~	sameinst	5	5	0.185147570457463	0.0502958136083826	3.68117259020949	0.000232163778762562	0.0865695872118941	0.283725553703033	0.185147570457463	0.491406640903924
evalexp	~~	evalexp	5	5	0.0269780153139633	0.081211644436881	0.332193929836393	0.73974282704809	-0.132193882907596	0.186149913535523	0.0269780153139633	0.0685769456869213
MHWdacad	~~	MHWdacad	5	5	0.167320941620156	0.0237600085424694	7.04212464069956	1.89337434619574e-12	0.120752180604552	0.21388970263576	0.167320941620156	0.211439773967822
MHWdlonely	~~	MHWdlonely	5	5	0.128472701688666	0.0208620572723506	6.15819906979819	7.35768335147213e-10	0.0875838207914468	0.169361582585885	0.128472701688666	0.150263133780253
MHWdmental	~~	MHWdmental	5	5	0.141768733918884	0.0223534584220893	6.34213870811109	2.26597185459809e-10	0.0979567604816758	0.185580707356093	0.141768733918884	0.180475959534944
MHWdexhaust	~~	MHWdexhaust	5	5	0.140775544363473	0.0220920842421819	6.37221652879094	1.86315629591149e-10	0.0974758549053719	0.184075233821575	0.140775544363473	0.182224483877774
MHWdsleep	~~	MHWdsleep	5	5	0.27666240698909	0.0371516497423282	7.4468404204909	9.57012247226885e-14	0.20384651152788	0.3494783024503	0.27666240698909	0.331460506132557
MHWdfinancial	~~	MHWdfinancial	5	5	0.31315996204699	0.0363754222801626	8.60910863480949	0	0.241865444455435	0.384454479638544	0.31315996204699	0.299455523672921
QIadmin	~~	QIadmin	5	5	0.215523777194194	0.026413456108564	8.15962047179108	4.44089209850063e-16	0.163754354514179	0.267293199874209	0.215523777194194	0.162952578405624
QIstudent	~~	QIstudent	5	5	0.242038432866811	0.0301672005958552	8.0232314595364	1.11022302462516e-15	0.18291180618454	0.301165059549083	0.242038432866811	0.187807760236971
QIadvisor	~~	QIadvisor	5	5	0.149238657570859	0.0218585766832255	6.8274645569849	8.64286420210192e-12	0.10639663451843	0.192080680623288	0.149238657570859	0.126213354268954
QIfaculty	~~	QIfaculty	5	5	0.146408513629945	0.0203840459589193	7.18250507897241	6.84563516983872e-13	0.106456517691254	0.186360509568636	0.146408513629945	0.128613405045673
QIstaff	~~	QIstaff	5	5	0.231689330632822	0.0279916378621595	8.27709088599032	2.22044604925031e-16	0.176826728554702	0.286551932710943	0.231689330632822	0.197303909477346
Belong	~~	Belong	5	5	0.341668258860791	0.056223059175576	6.07701295288492	1.22441878858126e-09	0.231473087775998	0.451863429945584	0.880135192091908	0.880135192091908
Gains	~~	Gains	5	5	0.236422938708257	0.0416613664925438	5.674872396482	1.38792073389737e-08	0.154768160836147	0.318077716580367	0.929973496876484	0.929973496876484
SupportEnv	~~	SupportEnv	5	5	0.223981771457084	0.0458428865984555	4.8858566306911	1.02980116900575e-06	0.134131364776757	0.31383217813741	0.712680150932923	0.712680150932923
Satisf	~~	Satisf	5	5	0.157415818406396	0.0495503491380436	3.17688616013273	0.00148865457711511	0.0602989186744448	0.254532718138346	0.821486990740387	0.821486990740387
DevAdj	~~	DevAdj	5	5	0.046531488099347	0.0303168552544327	1.53483887787285	0.124823410353657	-0.012888456323855	0.105951432522549	1	1
EmoDiss	~~	EmoDiss	5	5	0.624019961182832	0.0840410610631852	7.42517946927955	1.12576614696991e-13	0.459302508276457	0.788737414089206	1	1
QualEngag	~~	QualEngag	5	5	1.10709277360201	0.151382480390061	7.31321597287488	2.60902410786912e-13	0.81038856414715	1.40379698305687	1	1
DevAdj	~~	EmoDiss	5	5	-0.104578465649212	0.039186536740754	-2.668734579457	0.00761375907220696	-0.181382666339946	-0.0277742649584789	-0.613718978841965	-0.613718978841965
DevAdj	~~	QualEngag	5	5	0.127418811917628	0.045837310689773	2.77980557760029	0.0054391452351632	0.0375793338175003	0.217258290017756	0.56139439521827	0.56139439521827
EmoDiss	~~	QualEngag	5	5	0.0131431879539033	0.0680106908994723	0.19325179291783	0.846761778265875	-0.120155316772748	0.146441692680555	0.0158128251771196	0.0158128251771196
sbvalued	~1		5	5	2.62134565126239	0.056708132748392	46.225215400638	0	2.51019975344503	2.73249154907976	2.62134565126239	3.69323513675636
sbmyself	~1		5	5	2.61159109397076	0.0562405764159275	46.4360655669089	0	2.50136158972577	2.72182059821575	2.61159109397076	3.63450630850926
sbcommunity	~1		5	5	2.55556300264599	0.0573019566011009	44.5981804851127	0	2.44325323146416	2.66787277382783	2.55556300264599	3.64751937958065
pganalyze	~1		5	5	2.92983291006033	0.0548572584329437	53.4082998996696	0	2.82231465924116	3.03735116087951	2.92983291006033	4.18003330664869
pgthink	~1		5	5	2.98017980160783	0.0546993857654583	54.4828750799202	0	2.87297097553107	3.08738862768459	2.98017980160783	4.4864764375327
pgwork	~1		5	5	2.91774367476895	0.0560928968201415	52.0162772859551	0	2.80780361721295	3.02768373232495	2.91774367476895	4.11122258555685
pgvalues	~1		5	5	2.92976307922946	0.0519120308360338	56.4370731032125	0	2.82801736842651	3.03150879003242	2.92976307922946	4.35078617365936
pgprobsolve	~1		5	5	2.87612851115122	0.0513924671310816	55.9640093520976	0	2.77540112649764	2.9768558958048	2.87612851115122	4.30468280711676
SEacademic	~1		5	5	2.55177779924631	0.0559530621521352	45.6056862859101	0	2.44211181260339	2.66144378588922	2.55177779924631	3.73520173103198
SEwellness	~1		5	5	2.47828678554469	0.0582231581962639	42.5653101329656	0	2.36417149241383	2.59240207867554	2.47828678554469	3.31224022909505
SEnonacad	~1		5	5	2.57859856856883	0.0601648098855041	42.8589165905453	0	2.46067770805654	2.69651942908112	2.57859856856883	3.29030036074388
SEactivities	~1		5	5	2.5648755127541	0.0743561754325165	34.4944518439078	0	2.41914008687823	2.71061093862998	2.5648755127541	2.9864030394753
SEdiverse	~1		5	5	2.57854700916525	0.0618582188235832	41.6847923882054	0	2.45730712812323	2.69978689020727	2.57854700916525	3.41125792805876
sameinst	~1		5	5	2.79840909880727	0.0482784297556233	57.963962642785	0	2.7037851152561	2.89303308235844	2.79840909880727	4.55903268804075
evalexp	~1		5	5	2.82831269069983	0.0500916141968097	56.4627979363453	0	2.73013493094661	2.92649045045305	2.82831269069983	4.50932454002247
MHWdacad	~1		5	5	3.65426046713311	0.0703520957679383	51.9424535579859	0	3.51637289319104	3.79214804107518	3.65426046713311	4.10787947149149
MHWdlonely	~1		5	5	3.63086104084629	0.07514660624956	48.317032824986	0	3.48357639903674	3.77814568265584	3.63086104084629	3.92672439449569
MHWdmental	~1		5	5	3.61300640825054	0.0707072581536858	51.0980980254883	0	3.47442272882374	3.75159008767735	3.61300640825054	4.07650689456096
MHWdexhaust	~1		5	5	3.59866504155987	0.0675523938780181	53.2722059866318	0	3.46626478248949	3.73106530063025	3.59866504155987	4.0943143334547
MHWdsleep	~1		5	5	3.591913159291	0.0746641424558535	48.1076061566606	0	3.44557412914096	3.73825218944104	3.591913159291	3.93157574737384
MHWdfinancial	~1		5	5	3.66203796660609	0.0822744537288486	44.5100246873112	0	3.50078300044984	3.82329293276234	3.66203796660609	3.58101294456518
QIadmin	~1		5	5	4.90106234914707	0.0981493863571084	49.9347222744211	0	4.70869308678243	5.09343161151171	4.90106234914707	4.26160556539104
QIstudent	~1		5	5	4.85677125864405	0.098670766153718	49.2219879095471	0	4.66338011065579	5.05016240663231	4.85677125864405	4.27821149562497
QIadvisor	~1		5	5	4.80999880919224	0.0921115514929575	52.219279028863	0	4.62946348570593	4.99053413267854	4.80999880919224	4.42340756487637
QIfaculty	~1		5	5	4.83186513479549	0.0902265414888192	53.5525916771869	0	4.6550243630278	5.00870590656319	4.83186513479549	4.52871255637748
QIstaff	~1		5	5	4.789401111811	0.0894605633777826	53.5364514929987	0	4.61406162955388	4.96474059406811	4.789401111811	4.41973304641025
Belong	~1		5	5	0	0	NA	NA	0	0	0	0
Gains	~1		5	5	0	0	NA	NA	0	0	0	0
SupportEnv	~1		5	5	0	0	NA	NA	0	0	0	0
Satisf	~1		5	5	0	0	NA	NA	0	0	0	0
DevAdj	~1		5	5	0	0	NA	NA	0	0	0	0
EmoDiss	~1		5	5	0	0	NA	NA	0	0	0	0
QualEngag	~1		5	5	0	0	NA	NA	0	0	0	0
