lhs	op	rhs	block	group	label	est	se	z	pvalue	ci.lower	ci.upper	std.lv	std.all
Belong	=~	sbvalued	1	1		1	0	NA	NA	1	1	0.637108241742062	0.857414140146448
Belong	=~	sbmyself	1	1	.p2.	0.989389355398959	0.0150817406084478	65.6018016146471	0	0.959829686982226	1.01894902381569	0.630348112616543	0.825223744084961
Belong	=~	sbcommunity	1	1	.p3.	1.00637924498316	0.0142022906385385	70.8603471507835	0	0.978543266833653	1.03421522313266	0.641172511296924	0.873400064276884
Gains	=~	pganalyze	1	1		1	0	NA	NA	1	1	0.497910093294156	0.713105381441081
Gains	=~	pgthink	1	1	.p5.	1.02549577271113	0.0211232462036537	48.5482090595409	0	0.984094970915397	1.06689657450686	0.510604695863362	0.774900134226469
Gains	=~	pgwork	1	1	.p6.	1.02927836608002	0.0217898174313824	47.2366677380974	0	0.986571108684804	1.07198562347523	0.512488087280558	0.740498339589529
Gains	=~	pgvalues	1	1	.p7.	1.00286869105326	0.0227470317929331	44.087892441634	0	0.958285327983928	1.0474520541226	0.499338443524119	0.693161791678721
Gains	=~	pgprobsolve	1	1	.p8.	1.0108885056788	0.0213302612738582	47.3922233159761	0	0.969081961801213	1.0526950495564	0.503331590172524	0.756662494620991
SupportEnv	=~	SEacademic	1	1		1	0	NA	NA	1	1	0.580437463888967	0.816015659129752
SupportEnv	=~	SEwellness	1	1	.p10.	0.998953584217339	0.0156748199113252	63.7298284681145	0	0.96823150172699	1.02967566670769	0.579830084965906	0.801843019724478
SupportEnv	=~	SEnonacad	1	1	.p11.	1.01129525483599	0.0164180601189695	61.5965130781519	0	0.979116448306795	1.04347406136518	0.586993652959948	0.753034043297544
SupportEnv	=~	SEactivities	1	1	.p12.	0.983428233307924	0.0174029596051722	56.50925219729	0	0.949319059257381	1.01753740735847	0.570818589658059	0.720676431654799
SupportEnv	=~	SEdiverse	1	1	.p13.	1.00291768917591	0.0163624372981808	61.2939057243881	0	0.970847901372178	1.03498747697964	0.582130999994647	0.781141095164407
Satisf	=~	sameinst	1	1		1	0	NA	NA	1	1	0.585060998901296	0.899981173157707
Satisf	=~	evalexp	1	1	.p15.	0.951774180754475	0.0241911219092256	39.3439454493222	0	0.904360453066775	0.999187908442175	0.556845952920676	0.830666574181797
DevAdj	=~	Belong	1	1		1	0	NA	NA	1	1	0.424592148365558	0.424592148365558
DevAdj	=~	Gains	1	1	.p17.	0.523959869769486	0.0338302867167734	15.4878932642833	0	0.457653726217946	0.590266013321025	0.284663822958434	0.284663822958434
DevAdj	=~	SupportEnv	1	1	.p18.	0.905440594360481	0.0433975429178895	20.8638677095988	0	0.820382973223887	0.990498215497076	0.421977901335176	0.421977901335176
DevAdj	=~	Satisf	1	1		0.956706430663715	0.0721710813129492	13.2560911276254	0	0.815253710565023	1.09815915076241	0.442346634030315	0.442346634030315
EmoDiss	=~	MHWdacad	1	1		1	0	NA	NA	1	1	0.934296951678271	0.894827085019289
EmoDiss	=~	MHWdlonely	1	1	.p21.	1.0167835603793	0.0106085410177883	95.8457490690159	0	0.995991202055916	1.03757591870268	0.949977780978956	0.914267727798127
EmoDiss	=~	MHWdmental	1	1	.p22.	1.0119783245362	0.0103713078780975	97.5748031425561	0	0.991650934622557	1.03230571444985	0.94548826377866	0.934494936515379
EmoDiss	=~	MHWdexhaust	1	1	.p23.	1.0033954522482	0.0101977560434045	98.3937493677501	0	0.983408217680001	1.0233826868164	0.937469312363332	0.916917192517709
EmoDiss	=~	MHWdsleep	1	1	.p24.	1.01161144199512	0.0109255767942792	92.591124573379	0	0.990197704968006	1.03302517902223	0.9451454865389	0.909850973440635
EmoDiss	=~	MHWdfinancial	1	1	.p25.	0.992843016509278	0.0122021851610351	81.3660015322249	0	0.96892717306096	1.0167588599576	0.927610203819678	0.845474517497301
QualEngag	=~	QIadmin	1	1		1	0	NA	NA	1	1	0.993763802154585	0.890776311240807
QualEngag	=~	QIstudent	1	1	.p27.	1.02475869826574	0.0110536513980785	92.7077090963694	0	1.00309393962785	1.04642345690363	1.01836810027954	0.904999030370168
QualEngag	=~	QIadvisor	1	1	.p28.	1.01743221164936	0.0100870451412017	100.865238274144	0	0.997661966462171	1.03720245683654	1.01108730308321	0.926323436202398
QualEngag	=~	QIfaculty	1	1	.p29.	1.01921243329569	0.0102979059228155	98.9727854318011	0	0.999028908570793	1.03939595802059	1.01285642291515	0.926167108676171
QualEngag	=~	QIstaff	1	1	.p30.	1.02100977891541	0.0107270980098004	95.180427920264	0	0.999985053157573	1.04203450467325	1.01464255993199	0.922820236627535
sbvalued	~~	sbvalued	1	1		0.146227942712002	0.00736664595841172	19.850002774333	0	0.131789581946657	0.160666303477346	0.146227942712002	0.264840992276927
sbmyself	~~	sbmyself	1	1		0.186129848661891	0.00840861684318527	22.135608285296	0	0.169649262489451	0.202610434834331	0.186129848661891	0.319005772198399
sbcommunity	~~	sbcommunity	1	1		0.12781663106517	0.00689129548057086	18.5475476164871	0	0.114309940116428	0.141323322013913	0.12781663106517	0.237172327721135
pganalyze	~~	pganalyze	1	1		0.239607779149554	0.00877302430547674	27.3118790973797	0	0.222412967475325	0.256802590823783	0.239607779149554	0.491480714959771
pgthink	~~	pgthink	1	1		0.173471165001531	0.00667520275778155	25.9874001279301	0	0.160388008006777	0.186554321996286	0.173471165001531	0.3995297819758
pgwork	~~	pgwork	1	1		0.216338157038771	0.00785709507958887	27.5341146883628	0	0.20093853365967	0.231737780417872	0.216338157038771	0.45166220906515
pgvalues	~~	pgvalues	1	1		0.269605453578697	0.00926176008379859	29.1095268220468	0	0.251452737381001	0.287758169776393	0.269605453578697	0.519526730556745
pgprobsolve	~~	pgprobsolve	1	1		0.1891478206636	0.00744050116403545	25.4213817716834	0	0.174564706355162	0.203730934972038	0.1891478206636	0.427461869233939
SEacademic	~~	SEacademic	1	1		0.169049673521454	0.00654256132907453	25.8384545468781	0	0.156226488949824	0.181872858093085	0.169049673521454	0.334118444055037
SEwellness	~~	SEwellness	1	1		0.186702060907162	0.00696304787200406	26.8132668824272	0	0.173054737855405	0.200349383958918	0.186702060907162	0.35704777171913
SEnonacad	~~	SEnonacad	1	1		0.263066188015714	0.00925319739580284	28.4297607370873	0	0.244930254378101	0.281202121653328	0.263066188015714	0.432939729634953
SEactivities	~~	SEactivities	1	1		0.30152433547501	0.0101064591645489	29.834814603782	0	0.28171603950127	0.321332631448751	0.30152433547501	0.480625480857306
SEdiverse	~~	SEdiverse	1	1		0.216493582713786	0.00773647680445016	27.9834850133921	0	0.201330366809835	0.231656798617738	0.216493582713786	0.389818589445351
sameinst	~~	sameinst	1	1		0.0803094222366631	0.00990683202307253	8.10646855116008	4.44089209850063e-16	0.0608923882705528	0.0997264562027733	0.0803094222366631	0.190033887961677
evalexp	~~	evalexp	1	1		0.13930561184396	0.0100508427851072	13.8600926133653	0	0.119606321970876	0.159004901717045	0.13930561184396	0.309993042537077
MHWdacad	~~	MHWdacad	1	1		0.217252667066331	0.00807546076774006	26.9028199522948	0	0.201425054802994	0.233080279329668	0.217252667066331	0.199284487915881
MHWdlonely	~~	MHWdlonely	1	1		0.17718507104369	0.00679606168221953	26.0717279107777	0	0.163865034909827	0.190505107177553	0.17718507104369	0.164114521906851
MHWdmental	~~	MHWdmental	1	1		0.129718180643633	0.00564422374249981	22.9824660682536	0	0.118655705387647	0.140780655899618	0.129718180643633	0.126719213627119
MHWdexhaust	~~	MHWdexhaust	1	1		0.166482429311334	0.00651490784120653	25.5540728079589	0	0.153713444579971	0.179251414042696	0.166482429311334	0.159262862065443
MHWdsleep	~~	MHWdsleep	1	1		0.185787856108601	0.00720418501356686	25.7888790694197	0	0.171667912944047	0.199907799273156	0.185787856108601	0.172171206129129
MHWdfinancial	~~	MHWdfinancial	1	1		0.343271818403748	0.0123926715769228	27.6995816659079	0	0.318982628440746	0.36756100836675	0.343271818403748	0.285172840262706
QIadmin	~~	QIadmin	1	1		0.257031304843417	0.00917377447323973	28.018053593228	0	0.239051037273575	0.27501157241326	0.257031304843417	0.206517563332221
QIstudent	~~	QIstudent	1	1		0.229158590766209	0.00839228824341856	27.3058531975377	0	0.21271000806123	0.245607173471188	0.229158590766209	0.180976755029056
QIadvisor	~~	QIadvisor	1	1		0.169087140824167	0.00677573139923029	24.9548175483129	0	0.155806951312758	0.182367330335575	0.169087140824167	0.141924891542181
QIfaculty	~~	QIfaculty	1	1		0.170082998639129	0.0069557395115503	24.4521805850692	0	0.156449999710648	0.18371599756761	0.170082998639129	0.142214486806422
QIstaff	~~	QIstaff	1	1		0.179404799786831	0.00708560870606507	25.3196030474087	0	0.1655172619144	0.193292337659262	0.179404799786831	0.1484028108707
Belong	~~	Belong	1	1		0.332730625578639	0.0133175100078382	24.9844471964207	0	0.306628785599524	0.358832465557753	0.81972150754632	0.81972150754632
Gains	~~	Gains	1	1		0.227825086486611	0.0105036466023099	21.690094413164	0	0.207238317439747	0.248411855533475	0.918966507898689	0.918966507898689
SupportEnv	~~	SupportEnv	1	1		0.276916071226872	0.0115638666921885	23.9466675462396	0	0.25425130898816	0.299580833465584	0.821934650784761	0.821934650784761
Satisf	~~	Satisf	1	1		0.275319054813357	0.0135108655645206	20.3776030113379	0	0.248838244906934	0.30179986471978	0.804329455362051	0.804329455362051
DevAdj	~~	DevAdj	1	1		0.0731762861170227	0.00769495526184103	9.50964412748453	0	0.0580944509411673	0.0882581212928781	1	1
EmoDiss	~~	EmoDiss	1	1		0.872910793915309	0.0280241606482174	31.1485080631963	0	0.817984448347838	0.92783713948278	1	1
QualEngag	~~	QualEngag	1	1		0.987566494472737	0.0339979848439172	29.0477950092219	0	0.920931668631721	1.05420132031375	1	1
DevAdj	~~	EmoDiss	1	1		-0.174917824154083	0.0108293574535685	-16.1521886135953	0	-0.196142974738787	-0.153692673569378	-0.692092196423967	-0.692092196423967
DevAdj	~~	QualEngag	1	1		0.171669872009483	0.0113333536713707	15.1473144655443	0	0.149456906989542	0.193882837029425	0.638595314555102	0.638595314555102
EmoDiss	~~	QualEngag	1	1		-0.212492096540813	0.0206894772247375	-10.2705396677082	0	-0.25304272676026	-0.171941466321365	-0.228862520232078	-0.228862520232078
sbvalued	~1		1	1		2.76549131830285	0.0160552531864941	172.248377909681	0	2.73402360029465	2.79695903631105	2.76549131830285	3.72177160082178
sbmyself	~1		1	1		2.76334271315489	0.0165775878830091	166.691483263806	0	2.73085123795364	2.79583418835613	2.76334271315489	3.61764551094449
sbcommunity	~1		1	1		2.76272392454718	0.0157077677420587	175.882656906734	0	2.73193726549523	2.79351058359914	2.76272392454718	3.76336042291957
pganalyze	~1		1	1		2.93526819563301	0.0150660837290034	194.826223485164	0	2.9057392141361	2.96479717712992	2.93526819563301	4.20388253716752
pgthink	~1		1	1		2.93268649548751	0.0143384125716609	204.53355494065	0	2.90458372325158	2.96078926772344	2.93268649548751	4.45068205875952
pgwork	~1		1	1		2.9196885280338	0.0150532129321533	193.95783087592	0	2.89018477283517	2.94919228323244	2.9196885280338	4.21868246460145
pgvalues	~1		1	1		2.91631285869727	0.0156968479909953	185.789711435714	0	2.88554760196412	2.94707811543042	2.91631285869727	4.04830966340899
pgprobsolve	~1		1	1		2.93491284290958	0.0143822521482279	204.064899757108	0	2.90672414668247	2.96310153913668	2.93491284290958	4.41207847186773
SEacademic	~1		1	1		2.745180966609	0.0152327436530994	180.215792317259	0	2.71532533766319	2.77503659555481	2.745180966609	3.85934884507456
SEwellness	~1		1	1		2.72080805837232	0.0157359913028255	172.903505474344	0	2.68996608215775	2.7516500345869	2.72080805837232	3.76258667182514
SEnonacad	~1		1	1		2.73471546903622	0.0166003074730982	164.738844353816	0	2.70217946425666	2.76725147381579	2.73471546903622	3.50827276671967
SEactivities	~1		1	1		2.72962931068538	0.0171493587604916	159.168010233354	0	2.69601718515686	2.7632414362139	2.72962931068538	3.44624289924317
SEdiverse	~1		1	1		2.72297743803648	0.016085646601045	169.27994911063	0	2.6914501500304	2.75450472604257	2.72297743803648	3.65386756258531
sameinst	~1		1	1		2.88949223096117	0.0139692579464449	206.84650838569	0	2.86211298849539	2.91687147342695	2.88949223096117	4.4448162033259
evalexp	~1		1	1		2.8758032640796	0.0144290713467487	199.306191990491	0	2.84752280390961	2.90408372424958	2.8758032640796	4.28993626130228
MHWdacad	~1		1	1		3.95507687845868	0.0229689419467522	172.192384291255	0	3.91005857948006	4.00009517743731	3.95507687845868	3.78799257326174
MHWdlonely	~1		1	1		3.95303246130757	0.0227132634925745	174.040708091108	0	3.90851528289076	3.99754963972439	3.95303246130757	3.80443635490878
MHWdmental	~1		1	1		3.95758900653046	0.0221022321492023	179.058340343841	0	3.91426942754008	4.00090858552084	3.95758900653046	3.9115735531514
MHWdexhaust	~1		1	1		3.95841173821793	0.0221712637930008	178.537938801105	0	3.91495685969192	4.00186661674395	3.95841173821793	3.87163156166251
MHWdsleep	~1		1	1		3.96954733451964	0.0228560590335598	173.675931125795	0	3.92475028198534	4.01434438705394	3.96954733451964	3.82131275858632
MHWdfinancial	~1		1	1		3.98519139438015	0.0241318480472923	165.142403788147	0	3.93789384132706	4.03248894743323	3.98519139438015	3.63232072849528
QIadmin	~1		1	1		4.75247888887973	0.0244829132741566	194.11410871174	0	4.70449326062577	4.8004645171337	4.75247888887973	4.25996157709472
QIstudent	~1		1	1		4.77488357999586	0.0246137628152328	193.99242675081	0	4.72664149135399	4.82312566863773	4.77488357999586	4.24332322353822
QIadvisor	~1		1	1		4.75703390942143	0.0239222567777944	198.853893828157	0	4.71014714770803	4.80392067113482	4.75703390942143	4.35823096944174
QIfaculty	~1		1	1		4.76398862096639	0.0238969712110379	199.355331639933	0	4.71715141805317	4.81082582387962	4.76398862096639	4.35624385354392
QIstaff	~1		1	1		4.75732194737948	0.0241794767249036	196.750409510711	0	4.70993104383364	4.80471285092531	4.75732194737948	4.32679757242624
Belong	~1		1	1		0	0	NA	NA	0	0	0	0
Gains	~1		1	1		0	0	NA	NA	0	0	0	0
SupportEnv	~1		1	1		0	0	NA	NA	0	0	0	0
Satisf	~1		1	1		0	0	NA	NA	0	0	0	0
DevAdj	~1		1	1		0	0	NA	NA	0	0	0	0
EmoDiss	~1		1	1		0	0	NA	NA	0	0	0	0
QualEngag	~1		1	1		0	0	NA	NA	0	0	0	0
Belong	=~	sbvalued	2	2		1	0	NA	NA	1	1	0.684176163699554	0.860171677905747
Belong	=~	sbmyself	2	2	.p2.	0.989389355398959	0.0150817406084478	65.6018016146471	0	0.959829686982226	1.01894902381569	0.676916613582034	0.848462735159152
Belong	=~	sbcommunity	2	2	.p3.	1.00637924498316	0.0142022906385384	70.8603471507837	0	0.978543266833654	1.03421522313267	0.688540691059432	0.905742045058054
Gains	=~	pganalyze	2	2		1	0	NA	NA	1	1	0.511703766259366	0.702207204648146
Gains	=~	pgthink	2	2	.p5.	1.02549577271113	0.0211232462036537	48.5482090595408	0	0.984094970915397	1.06689657450686	0.524750049179345	0.785002685884676
Gains	=~	pgwork	2	2	.p6.	1.02927836608002	0.0217898174313824	47.2366677380975	0	0.986571108684804	1.07198562347523	0.526685616452431	0.742664387310208
Gains	=~	pgvalues	2	2	.p7.	1.00286869105326	0.0227470317929331	44.087892441634	0	0.958285327983928	1.0474520541226	0.513171686275556	0.708797875126502
Gains	=~	pgprobsolve	2	2	.p8.	1.0108885056788	0.0213302612738582	47.3922233159762	0	0.969081961801213	1.0526950495564	0.517275455624147	0.750727686272817
SupportEnv	=~	SEacademic	2	2		1	0	NA	NA	1	1	0.616621200330029	0.827620923674587
SupportEnv	=~	SEwellness	2	2	.p10.	0.998953584217339	0.0156748199113252	63.7298284681145	0	0.96823150172699	1.02967566670769	0.61597595817408	0.811286230543904
SupportEnv	=~	SEnonacad	2	2	.p11.	1.01129525483599	0.0164180601189695	61.5965130781519	0	0.979116448306796	1.04347406136518	0.62358609392503	0.784373271263796
SupportEnv	=~	SEactivities	2	2	.p12.	0.983428233307924	0.0174029596051722	56.50925219729	0	0.949319059257381	1.01753740735847	0.606402697660772	0.731281875600395
SupportEnv	=~	SEdiverse	2	2	.p13.	1.00291768917591	0.0163624372981808	61.2939057243882	0	0.970847901372179	1.03498747697964	0.618420309331867	0.780181326468626
Satisf	=~	sameinst	2	2		1	0	NA	NA	1	1	0.625614384893831	0.904234973001209
Satisf	=~	evalexp	2	2	.p15.	0.951774180754475	0.0241911219092256	39.3439454493221	0	0.904360453066775	0.999187908442175	0.595443618650541	0.857856367040055
DevAdj	=~	Belong	2	2		1	0	NA	NA	1	1	0.493514194284059	0.493514194284059
DevAdj	=~	Gains	2	2	.p17.	0.523959869769486	0.0338302867167734	15.4878932642833	0	0.457653726217946	0.590266013321026	0.345737907968596	0.345737907968596
DevAdj	=~	SupportEnv	2	2	.p18.	0.905440594360481	0.0433975429178895	20.8638677095988	0	0.820382973223887	0.990498215497076	0.495802939320838	0.495802939320838
DevAdj	=~	Satisf	2	2		0.843592965871958	0.0793788881204886	10.6274223013993	0	0.688013204022966	0.99917272772095	0.455295975606728	0.455295975606728
EmoDiss	=~	MHWdacad	2	2		1	0	NA	NA	1	1	1.03068816991218	0.911123625260258
EmoDiss	=~	MHWdlonely	2	2	.p21.	1.0167835603793	0.0106085410177883	95.8457490690159	0	0.995991202055917	1.03757591870268	1.04798678704413	0.929545087074445
EmoDiss	=~	MHWdmental	2	2	.p22.	1.01197832453621	0.0103713078780975	97.574803142556	0	0.991650934622558	1.03230571444985	1.04303408730701	0.945628766660882
EmoDiss	=~	MHWdexhaust	2	2	.p23.	1.0033954522482	0.0101977560434045	98.3937493677501	0	0.983408217680001	1.0233826868164	1.0341878223759	0.929608169190192
EmoDiss	=~	MHWdsleep	2	2	.p24.	1.01161144199512	0.0109255767942792	92.591124573379	0	0.990197704968006	1.03302517902223	1.04265594581217	0.927403884215299
EmoDiss	=~	MHWdfinancial	2	2	.p25.	0.992843016509278	0.0122021851610351	81.366001532225	0	0.96892717306096	1.0167588599576	1.02331155169603	0.866082070488964
QualEngag	=~	QIadmin	2	2		1	0	NA	NA	1	1	0.958298889467001	0.87447559565735
QualEngag	=~	QIstudent	2	2	.p27.	1.02475869826574	0.0110536513980785	92.7077090963695	0	1.00309393962785	1.04642345690363	0.982025122519708	0.900203225342252
QualEngag	=~	QIadvisor	2	2	.p28.	1.01743221164936	0.0100870451412017	100.865238274144	0	0.997661966462171	1.03720245683654	0.975004158531533	0.921320400784486
QualEngag	=~	QIfaculty	2	2	.p29.	1.01921243329569	0.0102979059228155	98.9727854318012	0	0.999028908570795	1.0393959580206	0.976710142958224	0.928268106634527
QualEngag	=~	QIstaff	2	2	.p30.	1.02100977891541	0.0107270980098004	95.180427920264	0	0.999985053157573	1.04203450467325	0.978432537269589	0.911487492726397
sbvalued	~~	sbvalued	2	2		0.164556020215046	0.013092080612397	12.5691267176606	0	0.138896013732052	0.190216026698039	0.164556020215046	0.260104684528812
sbmyself	~~	sbmyself	2	2		0.178293267754131	0.0133522148723746	13.3530855710699	0	0.152123407490437	0.204463128017825	0.178293267754131	0.28011098704625
sbcommunity	~~	sbcommunity	2	2		0.103808351373689	0.0104211721460619	9.96129321334717	0	0.0833832292907158	0.124233473456662	0.103808351373689	0.179631347814054
pganalyze	~~	pganalyze	2	2		0.269174103786908	0.0152096394770755	17.6975992226914	0	0.239363758194001	0.298984449379814	0.269174103786908	0.506905041740237
pgthink	~~	pgthink	2	2		0.171488340995192	0.0104955880706553	16.3390883712994	0	0.15091736638014	0.192059315610245	0.171488340995192	0.383770783153844
pgwork	~~	pgwork	2	2		0.225544046092141	0.0125201669110407	18.0144600063796	0	0.201004969866071	0.250083122318211	0.225544046092141	0.448449607821153
pgvalues	~~	pgvalues	2	2		0.26083495663106	0.0150953393915771	17.2791713962125	0	0.23124863508916	0.29042127817296	0.26083495663106	0.497605572216155
pgprobsolve	~~	pgprobsolve	2	2		0.207191303739416	0.011901260516308	17.4091898463618	0	0.183865261756824	0.230517345722008	0.207191303739416	0.436407941063462
SEacademic	~~	SEacademic	2	2		0.174881814904848	0.011192710633337	15.62461682731	0	0.152944505174129	0.196819124635567	0.174881814904848	0.315043606696023
SEwellness	~~	SEwellness	2	2		0.197047073239568	0.0116031691695543	16.9821770552654	0	0.174305279560716	0.21978886691842	0.197047073239568	0.341814652129863
SEnonacad	~~	SEnonacad	2	2		0.243184323312036	0.0158532307714124	15.3397327534374	0	0.212112561961466	0.274256084662607	0.243184323312036	0.384758571326932
SEactivities	~~	SEactivities	2	2		0.319902306763478	0.0177031722851138	18.0703379943083	0	0.285204726672548	0.354599886854409	0.319902306763478	0.465226818418368
SEdiverse	~~	SEdiverse	2	2		0.245869811709273	0.0148029196308627	16.6095485107315	0	0.216856622366741	0.274883001051805	0.245869811709273	0.391317097829656
sameinst	~~	sameinst	2	2		0.0872927799093551	0.0139914285201596	6.23901839498226	4.40325109707373e-10	0.0598700839175757	0.114715475901134	0.0872927799093551	0.182359113601503
evalexp	~~	evalexp	2	2		0.127230630378736	0.0137890423438598	9.22693739028155	0	0.100204604003473	0.154256656753999	0.127230630378736	0.264082453528839
MHWdacad	~~	MHWdacad	2	2		0.217357724789778	0.0139267196508219	15.6072449391878	0	0.19006185585138	0.244653593728175	0.217357724789778	0.169853739492606
MHWdlonely	~~	MHWdlonely	2	2		0.172797282448231	0.012665528307591	13.6431168326919	0	0.14797330312018	0.197621261776282	0.172797282448231	0.135945931095763
MHWdmental	~~	MHWdmental	2	2		0.128701857924924	0.00940269079227904	13.6877688278983	0	0.11027292261429	0.147130793235557	0.128701857924924	0.10578623566342
MHWdexhaust	~~	MHWdexhaust	2	2		0.168108768266965	0.0110850591876898	15.1653469251345	0	0.146382451492598	0.189835085041332	0.168108768266965	0.135828651774859
MHWdsleep	~~	MHWdsleep	2	2		0.176860293672958	0.0117541087455028	15.0466783575255	0	0.153822663861405	0.199897923484511	0.176860293672958	0.139922035542376
MHWdfinancial	~~	MHWdfinancial	2	2		0.348872810342597	0.019602015563145	17.7978029462713	0	0.31045356581444	0.387292054870755	0.348872810342597	0.249901847177548
QIadmin	~~	QIadmin	2	2		0.282562511191438	0.016374616889149	17.2561296001181	0	0.250468851828065	0.314656170554811	0.282562511191438	0.235292432599723
QIstudent	~~	QIstudent	2	2		0.225673530692181	0.0143746163731861	15.6994471945104	0	0.197499800309156	0.253847261075205	0.225673530692181	0.189634153083407
QIadvisor	~~	QIadvisor	2	2		0.169298649421322	0.0109541283510891	15.4552369659325	0	0.147828952371158	0.190768346471485	0.169298649421322	0.151168719098315
QIfaculty	~~	QIfaculty	2	2		0.153131398722988	0.0102633827752986	14.9201683378249	0	0.133015538123854	0.173247259322122	0.153131398722988	0.138318322205151
QIstaff	~~	QIstaff	2	2		0.194955929832635	0.0127219778920067	15.3243411903056	0	0.170021311352187	0.219890548313083	0.194955929832635	0.169190550603346
Belong	~~	Belong	2	2		0.354089062760598	0.0208889955316432	16.950985614613	0	0.31314738384536	0.395030741675837	0.756443740040156	0.756443740040156
Gains	~~	Gains	2	2		0.230541689310366	0.0152415934130063	15.125825959485	0	0.200668715153871	0.260414663466861	0.880465298993499	0.880465298993499
SupportEnv	~~	SupportEnv	2	2		0.28675539436211	0.0177680262964722	16.1388434245532	0	0.251930702744664	0.321580085979556	0.754179445360817	0.754179445360817
Satisf	~~	Satisf	2	2		0.310259697211166	0.0217343975941475	14.275053903252	0	0.267661060700963	0.352858333721369	0.792705574596318	0.792705574596318
DevAdj	~~	DevAdj	2	2		0.11400796021404	0.0141481633919259	8.05814557379952	6.66133814775094e-16	0.0862780695184775	0.141737850909603	1	1
EmoDiss	~~	EmoDiss	2	2		1.06231810359691	0.0593718513939152	17.8926221543731	0	0.945951413169376	1.17868479402445	1	1
QualEngag	~~	QualEngag	2	2		0.918336761553687	0.0481867975066515	19.0578500558566	0	0.823892373910326	1.01278114919705	1	1
DevAdj	~~	EmoDiss	2	2		-0.257596987187325	0.0241716346532727	-10.6569948984583	0	-0.3049725205552	-0.21022145381945	-0.740194579186331	-0.740194579186331
DevAdj	~~	QualEngag	2	2		0.212015762170499	0.0189250758022438	11.2029016097976	0	0.17492329519341	0.249108229147587	0.655238755580038	0.655238755580038
EmoDiss	~~	QualEngag	2	2		-0.177116801801697	0.037278439619722	-4.75118603698192	2.02226966750096e-06	-0.250181200856203	-0.104052402747191	-0.179321137619081	-0.179321137619081
sbvalued	~1		2	2		2.36702916728035	0.0294302200095417	80.4285243709673	0	2.30934699600456	2.42471133855614	2.36702916728035	2.97591696188569
sbmyself	~1		2	2		2.37735375409206	0.0287141567250119	82.7937862448608	0	2.3210750410646	2.43363246711952	2.37735375409206	2.97982946224939
sbcommunity	~1		2	2		2.3518283739488	0.0274875880709986	85.559648517512	0	2.29795369130777	2.40570305658983	2.3518283739488	3.09371670941968
pganalyze	~1		2	2		2.98005789422856	0.0258956176382589	115.079622191584	0	2.92930341630015	3.03081237215697	2.98005789422856	4.08951088809301
pgthink	~1		2	2		3.04397113861934	0.0236683745429478	128.609217886757	0	2.99758197694256	3.09036030029613	3.04397113861934	4.55364515602923
pgwork	~1		2	2		3.02927501472833	0.0250593922150164	120.883818280042	0	2.98015950851244	3.07839052094423	3.02927501472833	4.271494421968
pgvalues	~1		2	2		2.99898769392365	0.0253842082189971	118.14383446789	0	2.94923556003835	3.04873982780895	2.99898769392365	4.14223185306875
pgprobsolve	~1		2	2		2.97897287900274	0.0244652398628978	121.763485487851	0	2.93102188999833	3.02692386800715	2.97897287900274	4.32341684224076
SEacademic	~1		2	2		2.61348594485189	0.0267492362623706	97.7031986714477	0	2.56105840516369	2.66591348454009	2.61348594485189	3.50778671010857
SEwellness	~1		2	2		2.61072034681943	0.0267457731597455	97.6124463191354	0	2.55829959468765	2.66314109895121	2.61072034681943	3.43851320992115
SEnonacad	~1		2	2		2.60332859595997	0.0291161601628839	89.4118105339517	0	2.54626197067262	2.66039522124732	2.60332859595997	3.27457810057131
SEactivities	~1		2	2		2.62681603476156	0.0298455927889322	88.0135319589187	0	2.56831974779801	2.68531232172512	2.62681603476156	3.16776782848717
SEdiverse	~1		2	2		2.58148282658074	0.0288341057438661	89.5287979281237	0	2.52496901779635	2.63799663536514	2.58148282658074	3.25672469921576
sameinst	~1		2	2		2.81776208936711	0.0248689777434993	113.304298971584	0	2.76901978865753	2.8665043900767	2.81776208936711	4.07266694680477
evalexp	~1		2	2		2.84625788393799	0.0251365257020103	113.231952485397	0	2.79699119886558	2.8955245690104	2.84625788393799	4.10060729764433
MHWdacad	~1		2	2		4.3846879568366	0.0400207429914293	109.560383668429	0	4.30624874193886	4.46312717173433	4.3846879568366	3.87604408732891
MHWdlonely	~1		2	2		4.38621884773723	0.0409144158676532	107.204728571109	0	4.30602806618814	4.46640962928633	4.38621884773723	3.89049578787848
MHWdmental	~1		2	2		4.38340433405908	0.0396556710039345	110.536632544288	0	4.3056806471086	4.46112802100956	4.38340433405908	3.97405347019322
MHWdexhaust	~1		2	2		4.3765476312332	0.0406815712906682	107.580594661965	0	4.29681321666899	4.45628204579741	4.3765476312332	3.93398021405592
MHWdsleep	~1		2	2		4.34849141844149	0.0403640428234207	107.731810648024	0	4.26937934823715	4.42760348864583	4.34849141844149	3.86782221703844
MHWdfinancial	~1		2	2		4.38111295084881	0.0428282281417911	102.294984895109	0	4.29717116616923	4.46505473552838	4.38111295084881	3.70796495869544
QIadmin	~1		2	2		4.88993137503484	0.0390995020293554	125.063776294735	0	4.81329775924385	4.96656499082583	4.88993137503484	4.46220453650479
QIstudent	~1		2	2		4.83332004646727	0.0395388710564588	122.242237001801	0	4.75582528320724	4.9108148097273	4.83332004646727	4.43060996624746
QIadvisor	~1		2	2		4.84405795493205	0.0385586047140584	125.628455460317	0	4.76848447839838	4.91963143146572	4.84405795493205	4.57734398095589
QIfaculty	~1		2	2		4.87761350860549	0.0376818333594221	129.442043386827	0	4.80375847234958	4.95146854486139	4.87761350860549	4.63569779547366
QIstaff	~1		2	2		4.8532438672582	0.0382126114504367	127.006338563201	0	4.77834852506013	4.92813920945628	4.8532438672582	4.52118149760394
Belong	~1		2	2		0	0	NA	NA	0	0	0	0
Gains	~1		2	2		0	0	NA	NA	0	0	0	0
SupportEnv	~1		2	2		0	0	NA	NA	0	0	0	0
Satisf	~1		2	2		0	0	NA	NA	0	0	0	0
DevAdj	~1		2	2		0	0	NA	NA	0	0	0	0
EmoDiss	~1		2	2		0	0	NA	NA	0	0	0	0
QualEngag	~1		2	2		0	0	NA	NA	0	0	0	0
Belong	=~	sbvalued	3	3		1	0	NA	NA	1	1	0.727685803370719	0.882791136188632
Belong	=~	sbmyself	3	3	.p2.	0.989389355398959	0.0150817406084478	65.601801614647	0	0.959829686982226	1.01894902381569	0.719964587929929	0.859738062390857
Belong	=~	sbcommunity	3	3	.p3.	1.00637924498316	0.0142022906385385	70.8603471507836	0	0.978543266833653	1.03421522313266	0.732327889381187	0.918258758736016
Gains	=~	pganalyze	3	3		1	0	NA	NA	1	1	0.539692766673373	0.720623316466534
Gains	=~	pgthink	3	3	.p5.	1.02549577271113	0.0211232462036537	48.5482090595408	0	0.984094970915397	1.06689657450686	0.553452650786318	0.795328821758947
Gains	=~	pgwork	3	3	.p6.	1.02927836608002	0.0217898174313825	47.2366677380974	0	0.986571108684804	1.07198562347523	0.555494089066773	0.760959760320312
Gains	=~	pgvalues	3	3	.p7.	1.00286869105326	0.0227470317929331	44.087892441634	0	0.958285327983928	1.0474520541226	0.54124097848464	0.722828490296478
Gains	=~	pgprobsolve	3	3	.p8.	1.0108885056788	0.0213302612738582	47.3922233159761	0	0.969081961801213	1.0526950495564	0.545569214428106	0.780964733945099
SupportEnv	=~	SEacademic	3	3		1	0	NA	NA	1	1	0.672522904444728	0.862682012177823
SupportEnv	=~	SEwellness	3	3	.p10.	0.998953584217338	0.0156748199113252	63.7298284681145	0	0.96823150172699	1.02967566670769	0.671819165863315	0.837101026926568
SupportEnv	=~	SEnonacad	3	3	.p11.	1.01129525483599	0.0164180601189695	61.5965130781519	0	0.979116448306795	1.04347406136518	0.68011922203347	0.805687741610793
SupportEnv	=~	SEactivities	3	3	.p12.	0.983428233307924	0.0174029596051721	56.5092521972901	0	0.949319059257381	1.01753740735847	0.661378011777192	0.775993926618966
SupportEnv	=~	SEdiverse	3	3	.p13.	1.00291768917591	0.0163624372981808	61.2939057243881	0	0.970847901372178	1.03498747697964	0.674485117243576	0.817176789915608
Satisf	=~	sameinst	3	3		1	0	NA	NA	1	1	0.684032570145486	0.915679015559088
Satisf	=~	evalexp	3	3	.p15.	0.951774180754475	0.0241911219092256	39.3439454493222	0	0.904360453066775	0.999187908442175	0.651044539059598	0.882510117691213
DevAdj	=~	Belong	3	3		1	0	NA	NA	1	1	0.641310256903401	0.641310256903401
DevAdj	=~	Gains	3	3	.p17.	0.523959869769486	0.0338302867167734	15.4878932642832	0	0.457653726217946	0.590266013321025	0.453068132555961	0.453068132555961
DevAdj	=~	SupportEnv	3	3	.p18.	0.905440594360481	0.0433975429178895	20.8638677095987	0	0.820382973223886	0.990498215497076	0.628296976687753	0.628296976687753
DevAdj	=~	Satisf	3	3		1.00860006754984	0.0601968410505478	16.7550331536985	0	0.890616427107688	1.126583707992	0.688104344659946	0.688104344659946
EmoDiss	=~	MHWdacad	3	3		1	0	NA	NA	1	1	0.9194165550465	0.890950726678232
EmoDiss	=~	MHWdlonely	3	3	.p21.	1.0167835603793	0.0106085410177883	95.8457490690158	0	0.995991202055916	1.03757591870268	0.934847638311848	0.916052251949437
EmoDiss	=~	MHWdmental	3	3	.p22.	1.0119783245362	0.0103713078780975	97.5748031425561	0	0.991650934622557	1.03230571444985	0.930429624926806	0.931983065476337
EmoDiss	=~	MHWdexhaust	3	3	.p23.	1.0033954522482	0.0101977560434045	98.3937493677501	0	0.983408217680001	1.0233826868164	0.922538390055364	0.92106087323876
EmoDiss	=~	MHWdsleep	3	3	.p24.	1.01161144199512	0.0109255767942792	92.591124573379	0	0.990197704968006	1.03302517902223	0.930092307044776	0.907218467139704
EmoDiss	=~	MHWdfinancial	3	3	.p25.	0.992843016509278	0.0122021851610352	81.3660015322249	0	0.96892717306096	1.0167588599576	0.912836305940936	0.837343468641883
QualEngag	=~	QIadmin	3	3		1	0	NA	NA	1	1	1.05245940653049	0.89639390087377
QualEngag	=~	QIstudent	3	3	.p27.	1.02475869826574	0.0110536513980785	92.7077090963694	0	1.00309393962785	1.04642345690363	1.07851693141372	0.921644198937077
QualEngag	=~	QIadvisor	3	3	.p28.	1.01743221164936	0.0100870451412017	100.865238274144	0	0.997661966462171	1.03720245683654	1.07080610165749	0.941899925598177
QualEngag	=~	QIfaculty	3	3	.p29.	1.01921243329569	0.0102979059228155	98.9727854318011	0	0.999028908570793	1.03939595802059	1.07267971267489	0.943239779968596
QualEngag	=~	QIstaff	3	3	.p30.	1.02100977891541	0.0107270980098004	95.1804279202638	0	0.999985053157572	1.04203450467325	1.07457134597915	0.917742806168795
sbvalued	~~	sbvalued	3	3		0.149945859430073	0.0108737761979909	13.7896768059083	0	0.128633649706062	0.171258069154084	0.149945859430073	0.220679809866783
sbmyself	~~	sbmyself	3	3		0.182928585740503	0.0117896074156947	15.5160879654893	0	0.159821379813875	0.206035791667131	0.182928585740503	0.260850464076415
sbcommunity	~~	sbcommunity	3	3		0.0997308238555245	0.0089570343619869	11.1343576260884	0	0.0821753590977425	0.117286288613307	0.0997308238555245	0.156800852004591
pganalyze	~~	pganalyze	3	3		0.269620268027385	0.0134123441419658	20.1023971032604	0	0.243332556560875	0.295907979493895	0.269620268027385	0.480702035764773
pgthink	~~	pgthink	3	3		0.177937790828092	0.0102370302271643	17.3817783946684	0	0.157873580274202	0.198002001381982	0.177937790828092	0.367452065279525
pgwork	~~	pgwork	3	3		0.22431377698511	0.0120093538536394	18.6782552765845	0	0.20077587595438	0.24785167801584	0.22431377698511	0.420940243173253
pgvalues	~~	pgvalues	3	3		0.267732719599086	0.0134889016794641	19.8483706057915	0	0.241294958116335	0.294170481081838	0.267732719599086	0.477518973615714
pgprobsolve	~~	pgprobsolve	3	3		0.190373384216858	0.0107366084338035	17.7312403065272	0	0.169330018370494	0.211416750063221	0.190373384216858	0.390094084334061
SEacademic	~~	SEacademic	3	3		0.155445740498625	0.00920528463250692	16.8865762118528	0	0.137403714151472	0.173487766845779	0.155445740498625	0.255779745864823
SEwellness	~~	SEwellness	3	3		0.192752675843415	0.0106872654024941	18.0357339865848	0	0.171806020561305	0.213699331125524	0.192752675843415	0.299261870718485
SEnonacad	~~	SEnonacad	3	3		0.250022697159004	0.0134682816390549	18.5638156269316	0	0.223625350212815	0.276420044105194	0.250022697159004	0.3508672630181
SEactivities	~~	SEactivities	3	3		0.288990874778546	0.0149605321352491	19.3168847315025	0	0.259668770603903	0.318312978953188	0.288990874778546	0.397833425850479
SEdiverse	~~	SEdiverse	3	3		0.226329522859252	0.0117149205277258	19.3197659620137	0	0.203368700543161	0.249290345175344	0.226329522859252	0.332222094023223
sameinst	~~	sameinst	3	3		0.0901416387427325	0.01323851747245	6.80904330340023	9.82502967872279e-12	0.0641946212880263	0.116088656197439	0.0901416387427325	0.16153194046474
evalexp	~~	evalexp	3	3		0.120370427331764	0.012587868331588	9.56241550681827	0	0.0956986587597192	0.145042195903809	0.120370427331764	0.221175892172641
MHWdacad	~~	MHWdacad	3	3		0.219593891121563	0.0122122237311477	17.9814828122975	0	0.195658372437368	0.243529409805758	0.219593891121563	0.20620680263153
MHWdlonely	~~	MHWdlonely	3	3		0.167516494353621	0.00987258596978318	16.9678435686795	0	0.148166581418571	0.186866407288672	0.167516494353621	0.160848271698366
MHWdmental	~~	MHWdmental	3	3		0.130969867337522	0.00819674114119602	15.9782851600962	0	0.11490454991018	0.147035184764864	0.130969867337522	0.131407565665331
MHWdexhaust	~~	MHWdexhaust	3	3		0.152133785683138	0.00937212934602833	16.2325742706067	0	0.133764749706471	0.170502821659804	0.152133785683138	0.151646867788654
MHWdsleep	~~	MHWdsleep	3	3		0.185990313728919	0.0105396017153445	17.6468066585607	0	0.165333073955447	0.20664755350239	0.185990313728919	0.176954652880686
MHWdfinancial	~~	MHWdfinancial	3	3		0.355173366694766	0.0181687539865101	19.5485814249274	0	0.319563263237238	0.390783470152295	0.355173366694766	0.298855915522781
QIadmin	~~	QIadmin	3	3		0.270848724400775	0.0151658635062058	17.8591033929552	0	0.241124178134161	0.300573270667388	0.270848724400775	0.196477974476305
QIstudent	~~	QIstudent	3	3		0.206191843325126	0.0114959237835547	17.9360830157982	0	0.183660246740341	0.228723439909911	0.206191843325126	0.150571970565633
QIadvisor	~~	QIadvisor	3	3		0.145819526233894	0.00921490258871269	15.824315539972	0	0.127758649038972	0.163880403428816	0.145819526233894	0.11282453015815
QIfaculty	~~	QIfaculty	3	3		0.142648227631767	0.00880837185213366	16.1946191675835	0	0.125384136039149	0.159912319224385	0.142648227631767	0.110298717484794
QIstaff	~~	QIstaff	3	3		0.216268259690355	0.0118469304007527	18.2552148425397	0	0.193048702777527	0.239487816603183	0.216268259690355	0.157748141725425
Belong	~~	Belong	3	3		0.31174352796822	0.0189426776767689	16.4572049045916	0	0.274616561951002	0.348870493985437	0.588721154390494	0.588721154390494
Gains	~~	Gains	3	3		0.231479428648137	0.0140329600795491	16.495409901827	0	0.203975332295733	0.258983525000542	0.794729267262255	0.794729267262255
SupportEnv	~~	SupportEnv	3	3		0.273743534121864	0.0166745568324963	16.4168401518401	0	0.241062003272005	0.306425064971723	0.605242909085029	0.605242909085029
Satisf	~~	Satisf	3	3		0.246355450319302	0.0173809106646739	14.1739092428575	0	0.212289491398033	0.280421409240571	0.526512410860106	0.526512410860106
DevAdj	~~	DevAdj	3	3		0.217783100459069	0.0186728887019506	11.6630642390279	0	0.181184911115921	0.254381289802217	1	1
EmoDiss	~~	EmoDiss	3	3		0.845326801693574	0.0396523357236984	21.3184617315837	0	0.767609651772234	0.923043951614914	1	1
QualEngag	~~	QualEngag	3	3		1.10767080239452	0.0486988089686696	22.7453366078653	0	1.01222289072593	1.20311871406311	1	1
DevAdj	~~	EmoDiss	3	3		-0.287000072782363	0.019771616416965	-14.5157617227544	0	-0.325751728875755	-0.248248416688971	-0.668894460460623	-0.668894460460623
DevAdj	~~	QualEngag	3	3		0.34008510001064	0.0223943006411256	15.1862344558373	0	0.296193077295071	0.383977122726208	0.692420891186204	0.692420891186204
EmoDiss	~~	QualEngag	3	3		-0.288583383811161	0.0323702998196202	-8.91506675623206	0	-0.35202800562638	-0.225138761995942	-0.298231592802302	-0.298231592802302
sbvalued	~1		3	3		2.74753476089148	0.0262873320374729	104.519346313838	0	2.69601253684838	2.79905698493457	2.74753476089148	3.3331684114902
sbmyself	~1		3	3		2.72235103634105	0.0268345738524172	101.449385830132	0	2.66975623804983	2.77494583463227	2.72235103634105	3.25086656256403
sbcommunity	~1		3	3		2.75699669213973	0.0260802197315505	105.712172693256	0	2.705880400757	2.80811298352246	2.75699669213973	3.45697111508719
pganalyze	~1		3	3		2.83840534665533	0.0240423379639596	118.058624369652	0	2.79128323014183	2.88552746316883	2.83840534665533	3.7899731119076
pgthink	~1		3	3		2.86891655963666	0.022155918863185	129.487590984265	0	2.82549175662042	2.91234136265289	2.86891655963666	4.12272309809842
pgwork	~1		3	3		2.84169434914334	0.0232132932374294	122.416682548143	0	2.79619713043542	2.88719156785127	2.84169434914334	3.89277778717781
pgvalues	~1		3	3		2.8586924372864	0.0241196122549903	118.521492263829	0	2.81141886594555	2.90596600862725	2.8586924372864	3.81778989545657
pgprobsolve	~1		3	3		2.85780868331553	0.022091592757671	129.361821696772	0	2.81450995714937	2.90110740948169	2.85780868331553	4.09086095587532
SEacademic	~1		3	3		2.71364868015909	0.0242398661040141	111.949821361007	0	2.66613941560515	2.76115794471303	2.71364868015909	3.48094598454786
SEwellness	~1		3	3		2.7066008460481	0.0254180695888934	106.483336060689	0	2.65678234509734	2.75641934699887	2.7066008460481	3.37248245187478
SEnonacad	~1		3	3		2.67093455864003	0.0266364073874842	100.273828965953	0	2.61872815948302	2.72314095779703	2.67093455864003	3.16406177450312
SEactivities	~1		3	3		2.66007513725771	0.0266168684411451	99.9394479158824	0	2.60790703373183	2.7122432407836	2.66007513725771	3.12106256044916
SEdiverse	~1		3	3		2.69383121463755	0.0256137579285192	105.171260779276	0	2.64362917158892	2.74403325768617	2.69383121463755	3.2637285660923
sameinst	~1		3	3		2.90445772304954	0.0239058714300576	121.495580345073	0	2.85760307602758	2.9513123700715	2.90445772304954	3.88804730162094
evalexp	~1		3	3		2.87996678987616	0.0234552779527189	122.785447082809	0	2.83399528984145	2.92593828991086	2.87996678987616	3.90388011602341
MHWdacad	~1		3	3		3.41352918705035	0.032959439017943	103.567575443017	0	3.34892987362453	3.47812850047616	3.41352918705035	3.30784375487566
MHWdlonely	~1		3	3		3.40372944444739	0.0327700704863245	103.867016272297	0	3.33950128652335	3.46795760237142	3.40372944444739	3.33529646418439
MHWdmental	~1		3	3		3.39721501204845	0.031433651222313	108.075736669018	0	3.33560618775012	3.45882383634678	3.39721501204845	3.402886984881
MHWdexhaust	~1		3	3		3.40688494838857	0.0319051647794597	106.781612693061	0	3.34435197450001	3.46941792227712	3.40688494838857	3.4014285577844
MHWdsleep	~1		3	3		3.39312373131883	0.0326050696774055	104.067366360213	0	3.3292189690377	3.45702849359997	3.39312373131883	3.30967634827909
MHWdfinancial	~1		3	3		3.38882964338983	0.0347753673640016	97.4491400167879	0	3.32067117580724	3.45698811097242	3.38882964338983	3.10856869929983
QIadmin	~1		3	3		4.83249221380969	0.0373218179268871	129.481694146745	0	4.75934279483543	4.90564163278395	4.83249221380969	4.1158989312083
QIstudent	~1		3	3		4.82559332327564	0.0376306383294577	128.235755158533	0	4.75183862743465	4.89934801911663	4.82559332327564	4.12369983565925
QIadvisor	~1		3	3		4.84445665982144	0.0362409038227697	133.673726337303	0	4.77342579356163	4.91548752608124	4.84445665982144	4.26126948696537
QIfaculty	~1		3	3		4.83513515592483	0.0362322454580982	133.448399203316	0	4.76412125974795	4.90614905210172	4.83513515592483	4.25168087613049
QIstaff	~1		3	3		4.8353730739369	0.0376678552822408	128.368685652688	0	4.76154543420885	4.90920071366496	4.8353730739369	4.12967353945618
Belong	~1		3	3		0	0	NA	NA	0	0	0	0
Gains	~1		3	3		0	0	NA	NA	0	0	0	0
SupportEnv	~1		3	3		0	0	NA	NA	0	0	0	0
Satisf	~1		3	3		0	0	NA	NA	0	0	0	0
DevAdj	~1		3	3		0	0	NA	NA	0	0	0	0
EmoDiss	~1		3	3		0	0	NA	NA	0	0	0	0
QualEngag	~1		3	3		0	0	NA	NA	0	0	0	0
Belong	=~	sbvalued	4	4		1	0	NA	NA	1	1	0.58902979267958	0.830998193157771
Belong	=~	sbmyself	4	4	.p2.	0.989389355398959	0.0150817406084478	65.6018016146471	0	0.959829686982226	1.01894902381569	0.582779806890032	0.807239139365713
Belong	=~	sbcommunity	4	4	.p3.	1.00637924498316	0.0142022906385385	70.8603471507836	0	0.978543266833654	1.03421522313267	0.592787358029463	0.837102767945405
Gains	=~	pganalyze	4	4		1	0	NA	NA	1	1	0.520460228275314	0.711616871136388
Gains	=~	pgthink	4	4	.p5.	1.02549577271113	0.0211232462036537	48.5482090595408	0	0.984094970915398	1.06689657450687	0.533729763960605	0.813360386632599
Gains	=~	pgwork	4	4	.p6.	1.02927836608002	0.0217898174313824	47.2366677380975	0	0.986571108684804	1.07198562347523	0.535698453368848	0.752669011038977
Gains	=~	pgvalues	4	4	.p7.	1.00286869105326	0.0227470317929331	44.087892441634	0	0.958285327983928	1.0474520541226	0.521953267875747	0.702652359381068
Gains	=~	pgprobsolve	4	4	.p8.	1.0108885056788	0.0213302612738582	47.3922233159762	0	0.969081961801213	1.0526950495564	0.526127262426482	0.770377304170125
SupportEnv	=~	SEacademic	4	4		1	0	NA	NA	1	1	0.57247287751238	0.811695711031267
SupportEnv	=~	SEwellness	4	4	.p10.	0.998953584217338	0.0156748199113252	63.7298284681145	0	0.96823150172699	1.02967566670769	0.571873832858205	0.804037466551256
SupportEnv	=~	SEnonacad	4	4	.p11.	1.01129525483599	0.0164180601189695	61.5965130781519	0	0.979116448306796	1.04347406136518	0.578939104550574	0.76974258093294
SupportEnv	=~	SEactivities	4	4	.p12.	0.983428233307924	0.0174029596051721	56.5092521972901	0	0.949319059257381	1.01753740735847	0.562985990548703	0.709293083836307
SupportEnv	=~	SEdiverse	4	4	.p13.	1.00291768917591	0.0163624372981808	61.2939057243881	0	0.970847901372179	1.03498747697964	0.574143175430598	0.753537212662946
Satisf	=~	sameinst	4	4		1	0	NA	NA	1	1	0.536770232372085	0.884638376552306
Satisf	=~	evalexp	4	4	.p15.	0.951774180754475	0.0241911219092256	39.3439454493222	0	0.904360453066775	0.999187908442175	0.51088404816933	0.806376387013401
DevAdj	=~	Belong	4	4		1	0	NA	NA	1	1	0.322622528395676	0.322622528395676
DevAdj	=~	Gains	4	4	.p17.	0.523959869769486	0.0338302867167734	15.4878932642833	0	0.457653726217946	0.590266013321026	0.19131209595426	0.19131209595426
DevAdj	=~	SupportEnv	4	4	.p18.	0.905440594360481	0.0433975429178895	20.8638677095988	0	0.820382973223887	0.990498215497076	0.300564025143822	0.300564025143822
DevAdj	=~	Satisf	4	4		0.856863789718302	0.174934240448788	4.89820510564453	9.6716051700696e-07	0.513998978775807	1.1997286006608	0.30335790695216	0.30335790695216
EmoDiss	=~	MHWdacad	4	4		1	0	NA	NA	1	1	0.815873406669004	0.841505034087818
EmoDiss	=~	MHWdlonely	4	4	.p21.	1.0167835603793	0.0106085410177883	95.8457490690158	0	0.995991202055916	1.03757591870268	0.829566667251696	0.884032324023021
EmoDiss	=~	MHWdmental	4	4	.p22.	1.0119783245362	0.0103713078780975	97.5748031425561	0	0.991650934622557	1.03230571444985	0.825646203114544	0.923874444385694
EmoDiss	=~	MHWdexhaust	4	4	.p23.	1.0033954522482	0.0101977560434045	98.3937493677501	0	0.983408217680001	1.0233826868164	0.818643665861924	0.912327856769544
EmoDiss	=~	MHWdsleep	4	4	.p24.	1.01161144199512	0.0109255767942792	92.591124573379	0	0.990197704968006	1.03302517902223	0.825346873405902	0.890614065455204
EmoDiss	=~	MHWdfinancial	4	4	.p25.	0.992843016509278	0.0122021851610351	81.3660015322249	0	0.96892717306096	1.0167588599576	0.810034214166955	0.810816986642225
QualEngag	=~	QIadmin	4	4		1	0	NA	NA	1	1	0.867375837168173	0.85945660136963
QualEngag	=~	QIstudent	4	4	.p27.	1.02475869826574	0.0110536513980785	92.7077090963694	0	1.00309393962785	1.04642345690363	0.888850933803613	0.885208753240373
QualEngag	=~	QIadvisor	4	4	.p28.	1.01743221164936	0.0100870451412017	100.865238274144	0	0.997661966462172	1.03720245683654	0.882496116341227	0.916078257929558
QualEngag	=~	QIfaculty	4	4	.p29.	1.0192124332957	0.0102979059228155	98.9727854318013	0	0.999028908570795	1.0393959580206	0.884040237582064	0.916989434523966
QualEngag	=~	QIstaff	4	4	.p30.	1.02100977891541	0.0107270980098004	95.1804279202642	0	0.999985053157575	1.04203450467325	0.885599211743649	0.901545905534929
sbvalued	~~	sbvalued	4	4		0.155472516364182	0.0157337757929759	9.88144984458149	0	0.124634882469121	0.186310150259243	0.155472516364182	0.309442002968519
sbmyself	~~	sbmyself	4	4		0.181567891054758	0.0164774122979277	11.0191993604234	0	0.149272756392402	0.213863025717113	0.181567891054758	0.348364971876102
sbcommunity	~~	sbcommunity	4	4		0.150067783059832	0.0148713997684885	10.0910328143969	0	0.120920375113897	0.179215191005766	0.150067783059832	0.299258955898141
pganalyze	~~	pganalyze	4	4		0.26403349962481	0.0181572204005428	14.5415153751681	0	0.22844600158039	0.299620997669229	0.26403349962481	0.493601428714058
pgthink	~~	pgthink	4	4		0.14573530057512	0.0127362044113196	11.4426006264154	0	0.120772798629193	0.170697802521047	0.14573530057512	0.338444881456869
pgwork	~~	pgwork	4	4		0.219589290677666	0.0169991941421916	12.9176294382479	0	0.186271482392767	0.252907098962566	0.219589290677666	0.433489359821609
pgvalues	~~	pgvalues	4	4		0.279365457097291	0.018389786722164	15.1913375243548	0	0.243322137438477	0.315408776756105	0.279365457097291	0.506279661856219
pgprobsolve	~~	pgprobsolve	4	4		0.18960740653506	0.0144147372306853	13.1537192458447	0	0.161355040716308	0.217859772353812	0.18960740653506	0.406518809219571
SEacademic	~~	SEacademic	4	4		0.169694902632883	0.0133477066097483	12.7134126928553	0	0.143533878401569	0.195855926864197	0.169694902632883	0.341150072693447
SEwellness	~~	SEwellness	4	4		0.17884074709256	0.0139322946754143	12.8364172061443	0	0.151533951306749	0.206147542878371	0.17884074709256	0.353523752381837
SEnonacad	~~	SEnonacad	4	4		0.230514622376896	0.0170272175683655	13.5380088644174	0	0.197141889185972	0.26388735556782	0.230514622376896	0.407496359098697
SEactivities	~~	SEactivities	4	4		0.313051381759063	0.0237186680178145	13.1985228480764	0	0.266563646682885	0.359539116835242	0.313051381759063	0.496903321221981
SEdiverse	~~	SEdiverse	4	4		0.250898085609697	0.0178698684774742	14.0402871977466	0	0.21587378698538	0.285922384234014	0.250898085609697	0.432181669132158
sameinst	~~	sameinst	4	4		0.0800450876708036	0.014566157420503	5.49527822335174	3.90094905267091e-08	0.0514959437334768	0.10859423160813	0.0800450876708036	0.217414942730901
evalexp	~~	evalexp	4	4		0.140389830083779	0.0160569599040509	8.743238503595	0	0.108918766970635	0.171860893196922	0.140389830083779	0.349757122467214
MHWdacad	~~	MHWdacad	4	4		0.27435981515412	0.0204782970800004	13.397589364111	0	0.234223090412607	0.314496539895633	0.27435981515412	0.291869277604861
MHWdlonely	~~	MHWdlonely	4	4		0.192394033808076	0.0152581614567629	12.6092540279681	0	0.162488586882524	0.222299480733629	0.192394033808076	0.218486850082456
MHWdmental	~~	MHWdmental	4	4		0.116968593867987	0.011057111322275	10.5785851710066	0	0.0952970539032783	0.138640133832696	0.116968593867987	0.146456011011026
MHWdexhaust	~~	MHWdexhaust	4	4		0.134993207104991	0.0127303000678407	10.604086815362	0	0.110042277459636	0.159944136750347	0.134993207104991	0.167657881762291
MHWdsleep	~~	MHWdsleep	4	4		0.177606267602531	0.0153569565156942	11.5651996162797	0	0.147507185919622	0.207705349285439	0.177606267602531	0.206806586413354
MHWdfinancial	~~	MHWdfinancial	4	4		0.341914679833797	0.0211653253720429	16.1544731216572	0	0.300431404383522	0.383397955284073	0.341914679833797	0.342575814172422
QIadmin	~~	QIadmin	4	4		0.266172530870262	0.0191378477575673	13.9081747457738	0	0.228663038523819	0.303682023216704	0.266172530870262	0.261334350362165
QIstudent	~~	QIstudent	4	4		0.218189921967378	0.0169334420805903	12.8851488627628	0	0.185000985355126	0.25137885857963	0.218189921967378	0.216405463186625
QIadvisor	~~	QIadvisor	4	4		0.149227267771416	0.0131499816115747	11.3480970680647	0	0.123453777415366	0.175000758127466	0.149227267771416	0.160800625348747
QIfaculty	~~	QIfaculty	4	4		0.147900108721352	0.0130537156289649	11.3301157253018	0	0.122315296224153	0.173484921218551	0.147900108721352	0.159130376971416
QIstaff	~~	QIstaff	4	4		0.180650575032125	0.0152632298247962	11.8356715522062	0	0.150735194287767	0.210565955776483	0.180650575032125	0.187214980213205
Belong	~~	Belong	4	4		0.310843068703388	0.0251372002080938	12.3658588120447	0	0.261575061623351	0.360111075783424	0.895914704171581	0.895914704171581
Gains	~~	Gains	4	4		0.260964597179775	0.0190680542852257	13.68595837185	0	0.223591897525478	0.298337296834072	0.963399681941588	0.963399681941588
SupportEnv	~~	SupportEnv	4	4		0.298118916485767	0.0235111641062271	12.6798875265733	0	0.252037881602951	0.344199951368582	0.909661266789344	0.909661266789344
Satisf	~~	Satisf	4	4		0.261607535525244	0.0234837233361619	11.1399513518541	0	0.215580283563464	0.307634787487024	0.907973980289605	0.907973980289605
DevAdj	~~	DevAdj	4	4		0.0361130279607614	0.0118717858625504	3.04192043041142	0.00235074025748849	0.012844755237991	0.0593813006835319	1	1
EmoDiss	~~	EmoDiss	4	4		0.665649415709686	0.0431519236036366	15.4257182558969	0	0.581073199582934	0.750225631836437	1	1
QualEngag	~~	QualEngag	4	4		0.752340842903188	0.0484058119786057	15.5423659298538	0	0.657467194782704	0.847214491023673	1	1
DevAdj	~~	EmoDiss	4	4		-0.100639350557781	0.0171623620732565	-5.86395684511303	4.51964998759991e-09	-0.134276962110999	-0.0670017390045617	-0.649102222140897	-0.649102222140897
DevAdj	~~	QualEngag	4	4		0.111666125777061	0.0183966417607211	6.06991902269253	1.27974764119188e-09	0.0756093704895619	0.14772288106456	0.677457690020635	0.677457690020635
EmoDiss	~~	QualEngag	4	4		-0.030605270710133	0.0353507236310756	-0.865760798266347	0.386621351110086	-0.0998914158544702	0.0386808744342042	-0.0432480099275225	-0.0432480099275225
sbvalued	~1		4	4		2.7517821975668	0.031856343989567	86.3809795144104	0	2.68934491066813	2.81421948446547	2.7517821975668	3.88219078654594
sbmyself	~1		4	4		2.75065445230745	0.0319563902514998	86.0752553920996	0	2.6880210783386	2.8132878262763	2.75065445230745	3.81007699052297
sbcommunity	~1		4	4		2.80117739629195	0.0315805448538997	88.6994638392392	0	2.73928066576615	2.86307412681774	2.80117739629195	3.95567368328652
pganalyze	~1		4	4		2.99867211328096	0.0332641127854013	90.1473648982154	0	2.9334756502439	3.06386857631803	2.99867211328096	4.10003598908646
pgthink	~1		4	4		3.01723934744063	0.0303094597539117	99.5477772265879	0	2.9578338979321	3.07664479694917	3.01723934744063	4.59802530776332
pgwork	~1		4	4		3.01885198299154	0.0321617642266105	93.8646263843248	0	2.95581608342811	3.08188788255496	3.01885198299154	4.24155851528436
pgvalues	~1		4	4		2.96378571552228	0.031847279509794	93.0624455571104	0	2.9013661946775	3.02620523636705	2.96378571552228	3.98984191475046
pgprobsolve	~1		4	4		2.9901046703703	0.0306711123087016	97.4892804758825	0	2.92999039487946	3.05021894586114	2.9901046703703	4.37823496262609
SEacademic	~1		4	4		2.81708277104391	0.0331156681584014	85.0679731892777	0	2.75217725412946	2.88198828795836	2.81708277104391	3.99427482540772
SEwellness	~1		4	4		2.76433272391345	0.0316849009495653	87.2444805276051	0	2.70223145919858	2.82643398862831	2.76433272391345	3.88656894639066
SEnonacad	~1		4	4		2.79124364305264	0.0340860556643211	81.8881383795404	0	2.72443620157555	2.85805108452974	2.79124364305264	3.71116593943657
SEactivities	~1		4	4		2.82740379293993	0.0361361539608374	78.2430746781778	0	2.7565782326369	2.89822935324297	2.82740379293993	3.5621809231705
SEdiverse	~1		4	4		2.80306870167927	0.0341254390386739	82.1401505927173	0	2.73618407020685	2.86995333315169	2.80306870167927	3.67890217415196
sameinst	~1		4	4		3.03188923811106	0.0267740083148506	113.240020039487	0	2.97941314609218	3.08436533012995	3.03188923811106	4.99678523832475
evalexp	~1		4	4		3.01967922740069	0.0285025037368866	105.944349846458	0	2.96381534660717	3.0755431081942	3.01967922740069	4.7662439922644
MHWdacad	~1		4	4		3.33788412002713	0.0452070642938902	73.8354540858396	0	3.24927990216432	3.42648833788994	3.33788412002713	3.44274769497929
MHWdlonely	~1		4	4		3.36064334168976	0.0419789553454716	80.0554304897033	0	3.27836610110402	3.4429205822755	3.36064334168976	3.58128823257685
MHWdmental	~1		4	4		3.32963065743146	0.0413019980078919	80.6166969645208	0	3.24868022884645	3.41058108601648	3.32963065743146	3.72576130313446
MHWdexhaust	~1		4	4		3.37733258234404	0.0404611716696983	83.4709535827247	0	3.29803014309914	3.45663502158895	3.37733258234404	3.76382878771041
MHWdsleep	~1		4	4		3.38000139480642	0.0418200217819506	80.8225641877888	0	3.29803565828112	3.46196713133173	3.38000139480642	3.64728683232361
MHWdfinancial	~1		4	4		3.39143498987418	0.0452980488960914	74.8693392435896	0	3.3026524454679	3.48021753428045	3.39143498987418	3.3947122859628
QIadmin	~1		4	4		5.12183229186066	0.0461105741014476	111.077174632269	0	5.03145722731536	5.21220735640596	5.12183229186066	5.07506940557568
QIstudent	~1		4	4		5.10827603462102	0.044816184176977	113.98284187803	0	5.02043792770963	5.19611414153241	5.10827603462102	5.08734421919799
QIadvisor	~1		4	4		5.11524723899646	0.0420346437187022	121.691223868291	0	5.03286085120483	5.19763362678809	5.11524723899646	5.30990073815461
QIfaculty	~1		4	4		5.11486509114532	0.0436403228290531	117.2050241512	0	5.02933163012668	5.20039855216397	5.11486509114532	5.30550199889554
QIstaff	~1		4	4		5.11336964240852	0.0434785360346225	117.606757466182	0	5.02815327768013	5.1985860071369	5.11336964240852	5.20544440811271
Belong	~1		4	4		0	0	NA	NA	0	0	0	0
Gains	~1		4	4		0	0	NA	NA	0	0	0	0
SupportEnv	~1		4	4		0	0	NA	NA	0	0	0	0
Satisf	~1		4	4		0	0	NA	NA	0	0	0	0
DevAdj	~1		4	4		0	0	NA	NA	0	0	0	0
EmoDiss	~1		4	4		0	0	NA	NA	0	0	0	0
QualEngag	~1		4	4		0	0	NA	NA	0	0	0	0
