lhs	op	rhs	block	group	label	est	se	z	pvalue	ci.lower	ci.upper	std.lv	std.all
Belong	=~	sbvalued	1	1		1	0	NA	NA	1	1	0.636546648212611	0.856999299925503
Belong	=~	sbmyself	1	1	.p2.	0.987249553408594	0.0143965634455004	68.5753622484922	0	0.959032807554267	1.01546629926292	0.628430394171638	0.823993757176739
Belong	=~	sbcommunity	1	1	.p3.	1.00992564707502	0.0137064695414176	73.6824055256003	0	0.983061460418649	1.0367898337314	0.642864785589558	0.874438413521857
Gains	=~	pganalyze	1	1		1	0	NA	NA	1	1	0.497750074047273	0.712850937782545
Gains	=~	pgthink	1	1	.p5.	1.02732037490741	0.021088495937032	48.714729489238	0	0.985987682382707	1.06865306743211	0.511348792680435	0.775371874414744
Gains	=~	pgwork	1	1	.p6.	1.03255597392618	0.0216402264243927	47.7146566619234	0	0.99014190951708	1.07497003833528	0.513954812479711	0.741651298219677
Gains	=~	pgvalues	1	1	.p7.	1.00161921373617	0.0226187701104617	44.2826559023603	0	0.957287238945073	1.04595118852726	0.49855603780435	0.692496851606353
Gains	=~	pgprobsolve	1	1	.p8.	1.00877317140827	0.0211746640591728	47.6405750093247	0	0.96727159246756	1.05027475034899	0.50211692076537	0.755547619058675
SupportEnv	=~	SEacademic	1	1		1	0	NA	NA	1	1	0.580666112858344	0.816189087883472
SupportEnv	=~	SEwellness	1	1	.p10.	0.996452440957054	0.0155618363188881	64.0318032228378	0	0.965951802238726	1.02695307967538	0.578606165538741	0.801013569221334
SupportEnv	=~	SEnonacad	1	1	.p11.	1.01098081423194	0.0163333787880413	61.8966122901738	0	0.978967980061532	1.04299364840235	0.587042299574426	0.753022104667448
SupportEnv	=~	SEactivities	1	1	.p12.	0.983050332708574	0.017308738374434	56.7950310093423	0	0.949125828876856	1.01697483654029	0.57082401543799	0.720694016444477
SupportEnv	=~	SEdiverse	1	1	.p13.	1.00346661296783	0.0162358990407933	61.8054233058846	0	0.97164483559125	1.03528839034442	0.58267905753516	0.781524549207926
Satisf	=~	sameinst	1	1		1	0	NA	NA	1	1	0.586035767497861	0.90131296818075
Satisf	=~	evalexp	1	1	.p15.	0.948537793573911	0.0240134255520355	39.5003116701735	0	0.901472344346487	0.995603242801334	0.555877073857815	0.82936347045116
DevAdj	=~	Belong	1	1		1	0	NA	NA	1	1	0.42440752050664	0.42440752050664
DevAdj	=~	Gains	1	1	.p17.	0.525822022369174	0.0336387077184764	15.6314572714802	0	0.459891366754491	0.591752677983858	0.285391309726204	0.285391309726204
DevAdj	=~	SupportEnv	1	1	.p18.	0.905865167583363	0.0431869849044625	20.9754204788156	0	0.821220232569742	0.990510102596984	0.421454199240433	0.421454199240433
DevAdj	=~	Satisf	1	1	.p19.	0.959314150862534	0.0452856300691269	21.1836326313264	0	0.870555946909841	1.04807235481523	0.44223186696383	0.44223186696383
EmoDiss	=~	MHWdacad	1	1		1	0	NA	NA	1	1	0.935365318556139	0.895070337723578
EmoDiss	=~	MHWdlonely	1	1	.p21.	1.01455641747949	0.00968734809254715	104.730046632683	0	0.995569564112397	1.03354327084659	0.948980886628881	0.914038134638805
EmoDiss	=~	MHWdmental	1	1	.p22.	1.01294257475992	0.00953404273772651	106.244811631867	0	0.994256194366915	1.03162895515293	0.947471354119393	0.934851661533156
EmoDiss	=~	MHWdexhaust	1	1	.p23.	1.00098772355317	0.0094671304974252	105.732959298006	0	0.982432488741276	1.01954295836506	0.936289200912095	0.916679952880228
EmoDiss	=~	MHWdsleep	1	1	.p24.	1.00731887889782	0.0100472537805082	100.258130321346	0	0.987626623344495	1.02701113445115	0.942211144047877	0.909173709523865
EmoDiss	=~	MHWdfinancial	1	1	.p25.	0.994963786663725	0.0111834574735414	88.9674583211569	0	0.973044612792948	1.0168829605345	0.930654619264537	0.846305618576638
QualEngag	=~	QIadmin	1	1		1	0	NA	NA	1	1	0.994557954554732	0.890906542779118
QualEngag	=~	QIstudent	1	1	.p27.	1.02298974258186	0.0109741864484738	93.2178205086106	0	1.00148073238322	1.04449875278049	1.01742258591268	0.90468881180165
QualEngag	=~	QIadvisor	1	1	.p28.	1.01666836504603	0.0100362664814983	101.299459009009	0	0.996997644203045	1.03633908588901	1.01113560960068	0.926330268482929
QualEngag	=~	QIfaculty	1	1	.p29.	1.01834188807086	0.0102169318526844	99.671985949804	0	0.998317069607099	1.03836670653462	1.01280002523716	0.926154511821023
QualEngag	=~	QIstaff	1	1	.p30.	1.02027943456028	0.0106350373992482	95.9356696415953	0	0.999435144283521	1.04112372483705	1.01472702751053	0.922853878561841
sbvalued	~~	sbvalued	1	1		0.146503985918146	0.00735157999372463	19.9282312160384	0	0.132095153900981	0.160912817935312	0.146503985918146	0.265552199927197
sbmyself	~~	sbmyself	1	1		0.186731652393507	0.00838768110856698	22.2626075045681	0	0.170292099506909	0.203171205280106	0.186731652393507	0.321034288133761
sbcommunity	~~	sbcommunity	1	1		0.127206349251556	0.00688418619959201	18.4780518079385	0	0.113713592237488	0.140699106265624	0.127206349251556	0.235357460957378
pganalyze	~~	pganalyze	1	1		0.239801661664851	0.00878767241141977	27.2884161400035	0	0.222578140230532	0.25702518309917	0.239801661664851	0.491843540502546
pgthink	~~	pgthink	1	1		0.173447422887853	0.00667721678346803	25.9760059486593	0	0.16036031847529	0.186534527300417	0.173447422887853	0.398798456366567
pgwork	~~	pgwork	1	1		0.21608162777372	0.00786311041432704	27.4804264963654	0	0.200670214555177	0.231493040992262	0.21608162777372	0.449953351849068
pgvalues	~~	pgvalues	1	1		0.269755178151237	0.00926085975722941	29.128524264786	0	0.251604226561191	0.287906129741283	0.269755178151237	0.520448110515289
pgprobsolve	~~	pgprobsolve	1	1		0.18953652625286	0.00744398769020745	25.461692595515	0	0.174946578478694	0.204126474027026	0.18953652625286	0.429147795334767
SEacademic	~~	SEacademic	1	1		0.168967721354242	0.00654306144912255	25.8239545307802	0	0.156143556565329	0.181791886143154	0.168967721354242	0.333835372819946
SEwellness	~~	SEwellness	1	1		0.186993631127541	0.00696970285782604	26.8294983218075	0	0.173333264543256	0.200653997711826	0.186993631127541	0.358377261923299
SEnonacad	~~	SEnonacad	1	1		0.263129062966763	0.00925479873490697	28.4316353606157	0	0.244989990762178	0.281268135171347	0.263129062966763	0.432957709882207
SEactivities	~~	SEactivities	1	1		0.301499452600244	0.0101080887974496	29.8275429353486	0	0.28168796260471	0.321310942595778	0.301499452600244	0.480600134661128
SEdiverse	~~	SEdiverse	1	1		0.216355542064009	0.00773763068229804	27.9614717925194	0	0.201190064601033	0.231521019526985	0.216355542064009	0.389219378985349
sameinst	~~	sameinst	1	1		0.0793251138419939	0.00990724604566482	8.00677741083302	1.11022302462516e-15	0.059907268406514	0.0987429592774738	0.0793251138419939	0.187634933389206
evalexp	~~	evalexp	1	1		0.140229611928614	0.0100189662166894	13.996415288338	0	0.120592798981579	0.159866424875649	0.140229611928614	0.312156233881207
MHWdacad	~~	MHWdacad	1	1		0.21715598590522	0.00806102642682675	26.9389993788551	0	0.201356664430214	0.232955307380226	0.21715598590522	0.1988490905274
MHWdlonely	~~	MHWdlonely	1	1		0.177354706313414	0.00678927311089241	26.1227827215956	0	0.164047975534859	0.190661437091969	0.177354706313414	0.164534288426013
MHWdmental	~~	MHWdmental	1	1		0.129478538013116	0.00563365353572952	22.9830494885676	0	0.118436779981709	0.140520296044522	0.129478538013116	0.126052370928698
MHWdexhaust	~~	MHWdexhaust	1	1		0.166603326458931	0.00650545384510224	25.6097930176481	0	0.153852871219443	0.179353781698419	0.166603326458931	0.159697863987502
MHWdsleep	~~	MHWdsleep	1	1		0.186234337317144	0.00720952915403304	25.8316921033552	0	0.172103919829748	0.20036475480454	0.186234337317144	0.173403165910615
MHWdfinancial	~~	MHWdfinancial	1	1		0.343150162569764	0.0123812195727598	27.7153765469709	0	0.318883418122473	0.367416907017056	0.343150162569764	0.283766799965614
QIadmin	~~	QIadmin	1	1		0.257077852441308	0.00917923386148022	28.0064607047556	0	0.239086884667136	0.27506882021548	0.257077852441308	0.206285532033359
QIstudent	~~	QIstudent	1	1		0.22960018002897	0.00840325397863733	27.3227705139768	0	0.213130104877898	0.246070255180043	0.22960018002897	0.181538153800918
QIadvisor	~~	QIadvisor	1	1		0.169085722027214	0.00677729130184552	24.9488644498976	0	0.15580247516286	0.182368968891568	0.169085722027214	0.141912233692345
QIfaculty	~~	QIfaculty	1	1		0.170096587829264	0.00695561623065052	24.4545676743519	0	0.156463830526906	0.183729345131621	0.170096587829264	0.142237820233563
QIstaff	~~	QIstaff	1	1		0.17934651899004	0.00708563319090652	25.3112903473761	0	0.165458933128201	0.193234104851878	0.17934651899004	0.148340718823367
Belong	~~	Belong	1	1		0.33220781155488	0.0132006013534173	25.1661119566254	0	0.306335108327911	0.358080514781849	0.819878256537406	0.819878256537406
Gains	~~	Gains	1	1		0.227575926411119	0.0104746667391135	21.726316653238	0	0.207045956852397	0.248105895969841	0.918551800332762	0.918551800332762
SupportEnv	~~	SupportEnv	1	1		0.277283214446548	0.0115167610758725	24.0764927413016	0	0.254710777519285	0.299855651373811	0.822376357942605	0.822376357942605
Satisf	~~	Satisf	1	1		0.276272101759571	0.0134011979043729	20.615478088673	0	0.250006236517306	0.302537967001835	0.804430975841685	0.804430975841685
DevAdj	~~	DevAdj	1	1		0.0729838237958295	0.00709110778280343	10.2923021382952	0	0.0590855079310431	0.0868821396606159	1	1
EmoDiss	~~	EmoDiss	1	1		0.874908279157627	0.0276258580230492	31.6699042769155	0	0.820762592390434	0.929053965924821	1	1
QualEngag	~~	QualEngag	1	1		0.989145524968091	0.0340100467855353	29.0839213249416	0	0.92248705815592	1.05580399178026	1	1
DevAdj	~~	EmoDiss	1	1		-0.174921901626644	0.0104524129546884	-16.7350737466016	0	-0.195408254569373	-0.154435548683915	-0.692228730201418	-0.692228730201418
DevAdj	~~	QualEngag	1	1		0.171603674313154	0.010875777431982	15.7785202378752	0	0.150287542242596	0.192919806383713	0.638679800007785	0.638679800007785
EmoDiss	~~	QualEngag	1	1		-0.212923206149889	0.0207232757162101	-10.2745921574231	0	-0.253540080195354	-0.172306332104424	-0.228881999444821	-0.228881999444821
sbvalued	~1		1	1	.p67.	2.76388507077146	0.015300445728512	180.640820523354	0	2.73389674819617	2.79387339334676	2.76388507077146	3.72109031973812
sbmyself	~1		1	1	.p68.	2.75778917857914	0.0154375058119594	178.642146741262	0	2.72753222317657	2.7880461339817	2.75778917857914	3.61599484657983
sbcommunity	~1		1	1	.p69.	2.76774165808542	0.0151361489036997	182.856397336901	0	2.73807535136953	2.79740796480131	2.76774165808542	3.76474132474846
pganalyze	~1		1	1	.p70.	2.92365856802442	0.0135470548721633	215.815067969645	0	2.8971068283784	2.95021030767045	2.92365856802442	4.18710686474804
pgthink	~1		1	1	.p71.	2.9418900312993	0.0132213024870921	222.511362565939	0	2.91597675459589	2.96780330800272	2.9418900312993	4.46086667367205
pgwork	~1		1	1	.p72.	2.92684480746702	0.0136425682019925	214.537670923247	0	2.90010586513448	2.95358374979955	2.92684480746702	4.22351965277321
pgvalues	~1		1	1	.p73.	2.9177976128795	0.0138090689038187	211.295753044771	0	2.89073233516798	2.94486289059102	2.9177976128795	4.05283560388155
pgprobsolve	~1		1	1	.p74.	2.9263080360397	0.0131581192326226	222.39561629633	0	2.90051859623948	2.95209747583992	2.9263080360397	4.40328731780621
SEacademic	~1		1	1	.p75.	2.74604172916554	0.0142570051612146	192.609997549556	0	2.71809851252216	2.77398494580892	2.74604172916554	3.85985895265141
SEwellness	~1		1	1	.p76.	2.72560028375111	0.0145190927050117	187.725248342156	0	2.69714338496109	2.75405718254113	2.72560028375111	3.77327954935519
SEnonacad	~1		1	1	.p77.	2.72663156234991	0.0149914528580423	181.879073907583	0	2.69724885467222	2.7560142700276	2.72663156234991	3.49755688682381
SEactivities	~1		1	1	.p78.	2.72894081231773	0.0152449075214694	179.006714765214	0	2.69906134262801	2.75882028200745	2.72894081231773	3.44542496720195
SEdiverse	~1		1	1	.p79.	2.72355758966889	0.0148025968347982	183.991877916063	0	2.69454503299502	2.75257014634276	2.72355758966889	3.65300089299908
sameinst	~1		1	1	.p80.	2.88749603644353	0.0137485154568164	210.022387181588	0	2.86054944130728	2.91444263157978	2.88749603644353	4.44091942430215
evalexp	~1		1	1	.p81.	2.87952230092243	0.0136489741820182	210.969869421839	0	2.85277080309975	2.9062737987451	2.87952230092243	4.29622073125
MHWdacad	~1		1	1	.p82.	3.95952390073312	0.021927664558693	180.572075522899	0	3.916546467933	4.00250133353323	3.95952390073312	3.78894996932801
MHWdlonely	~1		1	1	.p83.	3.96041983140941	0.021886195987778	180.955147875905	0	3.91752367551478	4.00331598730404	3.96041983140941	3.81459184910186
MHWdmental	~1		1	1	.p84.	3.95674565504497	0.021550386709764	183.604392270709	0	3.91450767324092	3.99898363684902	3.95674565504497	3.90404441654156
MHWdexhaust	~1		1	1	.p85.	3.96269983412391	0.0214713563614968	184.557499182025	0	3.92061674895615	4.00478291929167	3.96269983412391	3.87970671207628
MHWdsleep	~1		1	1	.p86.	3.96081686945567	0.0219150472017218	180.735037118446	0	3.9178641662208	4.00376957269054	3.96081686945567	3.82193586723777
MHWdfinancial	~1		1	1	.p87.	3.97329657907097	0.0224882362670807	176.683334872609	0	3.92922044591166	4.01737271223027	3.97329657907097	3.61318060377378
QIadmin	~1		1	1	.p88.	4.76350301139422	0.0233739403446112	203.795463715745	0	4.71769093014199	4.80931509264644	4.76350301139422	4.26705752034242
QIstudent	~1		1	1	.p89.	4.7594279567938	0.0236044260377625	201.632861107474	0	4.71316413188405	4.80569178170355	4.7594279567938	4.23206766068084
QIadvisor	~1		1	1	.p90.	4.75905392122194	0.0231983749950012	205.146003642386	0	4.71358594173188	4.804521900712	4.75905392122194	4.35990549112522
QIfaculty	~1		1	1	.p91.	4.76575809685672	0.0231810544884256	205.588494657837	0	4.72032406493575	4.8111921287777	4.76575809685672	4.35804527415753
QIstaff	~1		1	1	.p92.	4.75782764493963	0.023429171407571	203.072808772152	0	4.71190731279317	4.80374797708608	4.75782764493963	4.32705503709046
Belong	~1		1	1		0	0	NA	NA	0	0	0	0
Gains	~1		1	1		0	0	NA	NA	0	0	0	0
SupportEnv	~1		1	1		0	0	NA	NA	0	0	0	0
Satisf	~1		1	1		0	0	NA	NA	0	0	0	0
DevAdj	~1		1	1		0	0	NA	NA	0	0	0	0
EmoDiss	~1		1	1		0	0	NA	NA	0	0	0	0
QualEngag	~1		1	1		0	0	NA	NA	0	0	0	0
Belong	=~	sbvalued	2	2		1	0	NA	NA	1	1	0.679276558838874	0.858316508278356
Belong	=~	sbmyself	2	2	.p2.	0.987249553408594	0.0143965634455005	68.5753622484922	0	0.959032807554267	1.01546629926292	0.670615479354605	0.845576573033156
Belong	=~	sbcommunity	2	2	.p3.	1.00992564707502	0.0137064695414177	73.6824055256002	0	0.983061460418649	1.0367898337314	0.686018818228245	0.90558031288861
Gains	=~	pganalyze	2	2		1	0	NA	NA	1	1	0.509247753090293	0.700024746196819
Gains	=~	pgthink	2	2	.p5.	1.02732037490741	0.021088495937032	48.714729489238	0	0.985987682382707	1.06865306743211	0.523160592625476	0.783716960011968
Gains	=~	pgwork	2	2	.p6.	1.03255597392618	0.0216402264243927	47.7146566619235	0	0.990141909517081	1.07497003833528	0.525826809661868	0.74199264187659
Gains	=~	pgvalues	2	2	.p7.	1.00161921373617	0.0226187701104617	44.2826559023604	0	0.957287238945074	1.04595118852727	0.510072334047211	0.706639900351786
Gains	=~	pgprobsolve	2	2	.p8.	1.00877317140827	0.0211746640591728	47.6405750093248	0	0.96727159246756	1.05027475034899	0.513715470917433	0.747346553551329
SupportEnv	=~	SEacademic	2	2		1	0	NA	NA	1	1	0.61257074818616	0.825899659828933
SupportEnv	=~	SEwellness	2	2	.p10.	0.996452440957054	0.0155618363188881	64.0318032228379	0	0.965951802238726	1.02695307967538	0.610397617288988	0.80859392904701
SupportEnv	=~	SEnonacad	2	2	.p11.	1.01098081423194	0.0163333787880413	61.8966122901738	0	0.978967980061532	1.04299364840236	0.619297273775915	0.78238185165403
SupportEnv	=~	SEactivities	2	2	.p12.	0.983050332708573	0.017308738374434	56.7950310093424	0	0.949125828876856	1.01697483654029	0.602187877811944	0.728654143309706
SupportEnv	=~	SEdiverse	2	2	.p13.	1.00346661296783	0.0162358990407933	61.8054233058845	0	0.97164483559125	1.03528839034442	0.614694293885538	0.778083875632505
Satisf	=~	sameinst	2	2		1	0	NA	NA	1	1	0.637265288386348	0.907719605357838
Satisf	=~	evalexp	2	2	.p15.	0.948537793573911	0.0240134255520355	39.5003116701735	0	0.901472344346488	0.995603242801335	0.604470210567228	0.859870097711565
DevAdj	=~	Belong	2	2		1	0	NA	NA	1	1	0.479803527692861	0.479803527692861
DevAdj	=~	Gains	2	2	.p17.	0.525822022369175	0.0336387077184765	15.6314572714802	0	0.459891366754492	0.591752677983859	0.336526845217359	0.336526845217359
DevAdj	=~	SupportEnv	2	2	.p18.	0.905865167583364	0.0431869849044617	20.975420478816	0	0.821220232569744	0.990510102596984	0.481967074681646	0.481967074681646
DevAdj	=~	Satisf	2	2	.p19.	0.959314150862534	0.0452856300691268	21.1836326313265	0	0.870555946909842	1.04807235481523	0.49062610482029	0.49062610482029
EmoDiss	=~	MHWdacad	2	2		1	0	NA	NA	1	1	1.03174853794612	0.911261619383387
EmoDiss	=~	MHWdlonely	2	2	.p21.	1.01455641747949	0.00968734809254716	104.730046632683	0	0.995569564112397	1.03354327084659	1.04676710039832	0.929295207934799
EmoDiss	=~	MHWdmental	2	2	.p22.	1.01294257475992	0.00953404273772649	106.244811631867	0	0.994256194366915	1.03162895515293	1.04510202053193	0.945892746509433
EmoDiss	=~	MHWdexhaust	2	2	.p23.	1.00098772355317	0.00946713049742521	105.732959298006	0	0.982432488741276	1.01954295836506	1.032767620278	0.929303242449289
EmoDiss	=~	MHWdsleep	2	2	.p24.	1.00731887889783	0.0100472537805082	100.258130321346	0	0.987626623344495	1.02701113445115	1.03929978054835	0.926519099491663
EmoDiss	=~	MHWdfinancial	2	2	.p25.	0.994963786663725	0.0111834574735414	88.9674583211569	0	0.973044612792949	1.0168829605345	1.02655243219963	0.866886395215353
QualEngag	=~	QIadmin	2	2		1	0	NA	NA	1	1	0.958998640106701	0.874255094871287
QualEngag	=~	QIstudent	2	2	.p27.	1.02298974258186	0.0109741864484738	93.2178205086104	0	1.00148073238322	1.04449875278049	0.981045771979105	0.899716578946384
QualEngag	=~	QIadvisor	2	2	.p28.	1.01666836504603	0.0100362664814983	101.299459009009	0	0.996997644203046	1.03633908588901	0.974983579518645	0.921218971907502
QualEngag	=~	QIfaculty	2	2	.p29.	1.01834188807086	0.0102169318526844	99.6719859498041	0	0.998317069607101	1.03836670653462	0.976588485823647	0.928085325150039
QualEngag	=~	QIstaff	2	2	.p30.	1.02027943456028	0.0106350373992482	95.9356696415953	0	0.999435144283521	1.04112372483705	0.978446590272146	0.91155575922253
sbvalued	~~	sbvalued	2	2		0.164906305011279	0.0131109488288479	12.5777552154301	0	0.13920931750359	0.190603292518969	0.164906305011279	0.263292771616851
sbmyself	~~	sbmyself	2	2		0.179261290240168	0.0133630213376176	13.4147275313808	0	0.153070249693797	0.205452330786539	0.179261290240168	0.285000259137503
sbcommunity	~~	sbcommunity	2	2		0.10325424783053	0.0104687494848721	9.86309281540622	0	0.0827358758770082	0.123772619784051	0.10325424783053	0.179924296908567
pganalyze	~~	pganalyze	2	2		0.269880887708216	0.0153898016321094	17.5363460920207	0	0.239717430780066	0.300044344636367	0.269880887708216	0.509965354712079
pgthink	~~	pgthink	2	2		0.1719095338293	0.0105866308429764	16.2383610403636	0	0.151160118659446	0.192658948999155	0.1719095338293	0.385787726589599
pgwork	~~	pgwork	2	2		0.225717203654967	0.0124773956863821	18.0900894167615	0	0.201261957488802	0.250172449821131	0.225717203654967	0.449446919400998
pgvalues	~~	pgvalues	2	2		0.26086160606398	0.0150831868018151	17.2948601307906	0	0.231299103160333	0.290424108967628	0.26086160606398	0.500660051230818
pgprobsolve	~~	pgprobsolve	2	2		0.208595767635116	0.0119500544784726	17.4556331948854	0	0.185174091244018	0.232017444026214	0.208595767635116	0.44147312889495
SEacademic	~~	SEacademic	2	2		0.174877711568892	0.0111964062581846	15.6190930854313	0	0.152933158546571	0.196822264591213	0.174877711568892	0.317889751894453
SEwellness	~~	SEwellness	2	2		0.197270199541387	0.0115781092562904	17.0382050449394	0	0.174577522389988	0.219962876692786	0.197270199541387	0.346175857908318
SEnonacad	~~	SEnonacad	2	2		0.243028195819459	0.0158443981351135	15.3384302607793	0	0.211973746117923	0.274082645520995	0.243028195819459	0.387878638202411
SEactivities	~~	SEactivities	2	2		0.3203704461871	0.0176903121542708	18.1099374275177	0	0.285698071489458	0.355042820884742	0.3203704461871	0.469063139437598
SEdiverse	~~	SEdiverse	2	2		0.24626723546241	0.0148625236548848	16.5696782848497	0	0.217137224379461	0.275397246545359	0.24626723546241	0.3945854824807
sameinst	~~	sameinst	2	2		0.0867682985238913	0.0139807665275827	6.20626189220066	5.42597300423608e-10	0.0593664996535661	0.114170097394217	0.0867682985238913	0.176045118049011
evalexp	~~	evalexp	2	2		0.128794567201468	0.0136515275818304	9.4344436129542	0	0.102038064807125	0.155551069595811	0.128794567201468	0.260623415061504
MHWdacad	~~	MHWdacad	2	2		0.217416852361583	0.01394529253181	15.5906985719835	0	0.19008458124536	0.244749123477806	0.217416852361583	0.169602261038767
MHWdlonely	~~	MHWdlonely	2	2		0.173077362547054	0.0126795875506664	13.6500782738756	0	0.148225827608926	0.197928897485183	0.173077362547054	0.136410416509418
MHWdmental	~~	MHWdmental	2	2		0.128531025666289	0.00943397864936088	13.6242650575637	0	0.110040767282622	0.147021284049957	0.128531025666289	0.105286912100841
MHWdexhaust	~~	MHWdexhaust	2	2		0.168457484616886	0.0110876228866813	15.1932913248016	0	0.146726143084829	0.190188826148944	0.168457484616886	0.136395483573239
MHWdsleep	~~	MHWdsleep	2	2		0.178123289658672	0.0118158760728155	15.0749118017983	0	0.154964598110165	0.201281981207179	0.178123289658672	0.141562358277158
MHWdfinancial	~~	MHWdfinancial	2	2		0.348480301193773	0.0196297030497701	17.7527036608867	0	0.310006790189007	0.386953812198538	0.348480301193773	0.248507977790531
QIadmin	~~	QIadmin	2	2		0.283582049201888	0.0163912639610664	17.3008042500853	0	0.251455762177109	0.315708336226668	0.283582049201888	0.235678029091597
QIstudent	~~	QIstudent	2	2		0.226508783819794	0.0144700239087275	15.6536565003999	0	0.198148058103255	0.254869509536334	0.226508783819794	0.190510077569015
QIadvisor	~~	QIadvisor	2	2		0.169538121488755	0.0110051141169863	15.4053942273142	0	0.147968494173709	0.191107748803802	0.169538121488755	0.151355605797684
QIfaculty	~~	QIfaculty	2	2		0.153529260527079	0.0102990954425396	14.9070626040553	0	0.13334340438636	0.173715116667797	0.153529260527079	0.138657629241146
QIstaff	~~	QIstaff	2	2		0.194788941955951	0.0127311438624037	15.3001917236346	0	0.169836358503642	0.219741525408261	0.194788941955951	0.169066097828238
Belong	~~	Belong	2	2		0.355193260308857	0.0206603650802424	17.192012770797	0	0.314699688844133	0.395686831773581	0.769788574813486	0.769788574813486
Gains	~~	Gains	2	2		0.22996369839211	0.0152092087648273	15.1200303676495	0	0.200154196979698	0.259773199804523	0.886749682448052	0.886749682448052
SupportEnv	~~	SupportEnv	2	2		0.288076894837162	0.0176646296057931	16.3081197435743	0	0.253454857009567	0.322698932664756	0.767707738922817	0.767707738922817
Satisf	~~	Satisf	2	2		0.308351406144172	0.0219593315977871	14.0419304099058	0	0.265311907087937	0.351390905200407	0.75928602526887	0.75928602526887
DevAdj	~~	DevAdj	2	2		0.106223383079125	0.0131639843683144	8.06924257178577	6.66133814775094e-16	0.0804224478241805	0.13202431833407	1	1
EmoDiss	~~	EmoDiss	2	2		1.06450504555395	0.0592281470902662	17.972958767925	0	0.94842001038599	1.18059008072192	1	1
QualEngag	~~	QualEngag	2	2		0.919678391726502	0.0482067957777109	19.0777747595439	0	0.825194808192111	1.01416197526089	1	1
DevAdj	~~	EmoDiss	2	2		-0.247842486239503	0.0231049993436616	-10.7267904470854	0	-0.293127452815901	-0.202557519663105	-0.737041310635345	-0.737041310635345
DevAdj	~~	QualEngag	2	2		0.204784088417604	0.0186524047493783	10.9789644375174	0	0.168226046883759	0.241342129951449	0.65519134738496	0.65519134738496
EmoDiss	~~	QualEngag	2	2		-0.177453320840978	0.037352881241055	-4.75072644853799	2.0268717224603e-06	-0.250663622792248	-0.104243018889709	-0.17934624063364	-0.17934624063364
sbvalued	~1		2	2	.p67.	2.76388507077146	0.015300445728512	180.640820523354	0	2.73389674819617	2.79387339334676	2.76388507077146	3.4923745746244
sbmyself	~1		2	2	.p68.	2.75778917857914	0.0154375058119594	178.642146741262	0	2.72753222317657	2.78804613398171	2.75778917857914	3.47728615661406
sbcommunity	~1		2	2	.p69.	2.76774165808542	0.0151361489036997	182.856397336901	0	2.73807535136953	2.79740796480131	2.76774165808542	3.65356210372924
pganalyze	~1		2	2	.p70.	2.92365856802442	0.0135470548721633	215.815067969645	0	2.8971068283784	2.95021030767045	2.92365856802442	4.01893446682438
pgthink	~1		2	2	.p71.	2.9418900312993	0.0132213024870921	222.511362565939	0	2.91597675459589	2.96780330800271	2.9418900312993	4.40707718532225
pgwork	~1		2	2	.p72.	2.92684480746702	0.0136425682019925	214.537670923247	0	2.90010586513448	2.95358374979955	2.92684480746702	4.13006197316515
pgvalues	~1		2	2	.p73.	2.9177976128795	0.0138090689038187	211.295753044771	0	2.89073233516798	2.94486289059102	2.9177976128795	4.04223494744769
pgprobsolve	~1		2	2	.p74.	2.9263080360397	0.0131581192326226	222.39561629633	0	2.90051859623947	2.95209747583992	2.9263080360397	4.25715468809646
SEacademic	~1		2	2	.p75.	2.74604172916554	0.0142570051612145	192.609997549556	0	2.71809851252216	2.77398494580892	2.74604172916554	3.70235591025095
SEwellness	~1		2	2	.p76.	2.72560028375111	0.0145190927050117	187.725248342156	0	2.69714338496109	2.75405718254113	2.72560028375111	3.61060361316341
SEnonacad	~1		2	2	.p77.	2.72663156234991	0.0149914528580423	181.879073907583	0	2.69724885467222	2.75601427002761	2.72663156234991	3.44465758346216
SEactivities	~1		2	2	.p78.	2.72894081231773	0.0152449075214694	179.006714765213	0	2.69906134262801	2.75882028200745	2.72894081231773	3.30204924909372
SEdiverse	~1		2	2	.p79.	2.72355758966888	0.0148025968347982	183.991877916063	0	2.69454503299501	2.75257014634276	2.72355758966888	3.4474962041416
sameinst	~1		2	2	.p80.	2.88749603644353	0.0137485154568164	210.022387181588	0	2.86054944130728	2.91444263157978	2.88749603644353	4.11294449962857
evalexp	~1		2	2	.p81.	2.87952230092243	0.0136489741820181	210.96986942184	0	2.85277080309976	2.9062737987451	2.87952230092243	4.09617393706355
MHWdacad	~1		2	2	.p82.	3.95952390073312	0.021927664558693	180.572075522899	0	3.916546467933	4.00250133353323	3.95952390073312	3.49713329272265
MHWdlonely	~1		2	2	.p83.	3.96041983140941	0.021886195987778	180.955147875905	0	3.91752367551478	4.00331598730404	3.96041983140941	3.51596756273505
MHWdmental	~1		2	2	.p84.	3.95674565504497	0.021550386709764	183.604392270709	0	3.91450767324093	3.99898363684902	3.95674565504497	3.58114034932671
MHWdexhaust	~1		2	2	.p85.	3.96269983412391	0.0214713563614968	184.557499182025	0	3.92061674895615	4.00478291929167	3.96269983412391	3.56570997424702
MHWdsleep	~1		2	2	.p86.	3.96081686945567	0.0219150472017218	180.735037118446	0	3.9178641662208	4.00376957269054	3.96081686945567	3.53100476669322
MHWdfinancial	~1		2	2	.p87.	3.97329657907097	0.0224882362670806	176.68333487261	0	3.92922044591167	4.01737271223028	3.97329657907097	3.35530523382219
QIadmin	~1		2	2	.p88.	4.76350301139421	0.0233739403446112	203.795463715745	0	4.71769093014199	4.80931509264644	4.76350301139421	4.3425679693172
QIstudent	~1		2	2	.p89.	4.7594279567938	0.0236044260377625	201.632861107474	0	4.71316413188404	4.80569178170355	4.7594279567938	4.36486896058862
QIadvisor	~1		2	2	.p90.	4.75905392122194	0.0231983749950012	205.146003642385	0	4.71358594173188	4.804521900712	4.75905392122194	4.49662009971995
QIfaculty	~1		2	2	.p91.	4.76575809685672	0.0231810544884256	205.588494657837	0	4.72032406493574	4.81119212877769	4.76575809685672	4.52906236056772
QIstaff	~1		2	2	.p92.	4.75782764493963	0.023429171407571	203.072808772152	0	4.71190731279317	4.80374797708608	4.75782764493963	4.43256201641684
Belong	~1		2	2		-0.287956741982265	0.022846450575238	-12.6040034548896	0	-0.332734962284306	-0.243178521680224	-0.423916795354289	-0.423916795354289
Gains	~1		2	2		0.138932011973347	0.0213408709279346	6.51013786843577	7.50819406647452e-11	0.0971046735558772	0.180759350390816	0.272818114817903	0.272818114817903
SupportEnv	~1		2	2		-0.0221324378227937	0.0211148961128852	-1.04819070406354	0.294550752601557	-0.0635168737413535	0.0192519980957661	-0.0361304190386637	-0.0361304190386637
Satisf	~1		2	2		0.0515981734616777	0.0215475858670916	2.39461505246769	0.0166378226828783	0.00936568120839389	0.0938306657149615	0.0809681217571604	0.0809681217571604
DevAdj	~1		2	2		-0.112841311643617	0.0145798296619284	-7.7395493815867	9.99200722162641e-15	-0.141417252681725	-0.0842653706055087	-0.346224710777778	-0.346224710777778
EmoDiss	~1		2	2		0.412652483871006	0.0429340006425428	9.61132150965017	0	0.328503388899402	0.496801578842609	0.39995451284328	0.39995451284328
QualEngag	~1		2	2		0.0960353695896145	0.0415980453350688	2.3086510151152	0.0209629546170147	0.0145046989056153	0.177566040273614	0.100141299031383	0.100141299031383
Belong	=~	sbvalued	3	3		1	0	NA	NA	1	1	0.730624869392272	0.883423486885924
Belong	=~	sbmyself	3	3	.p2.	0.987249553408594	0.0143965634455004	68.5753622484922	0	0.959032807554267	1.01546629926292	0.721309076016732	0.859605605892058
Belong	=~	sbcommunity	3	3	.p3.	1.00992564707502	0.0137064695414176	73.6824055256003	0	0.983061460418649	1.0367898337314	0.737876793990094	0.919790967429872
Gains	=~	pganalyze	3	3		1	0	NA	NA	1	1	0.541154270691562	0.721399669473565
Gains	=~	pgthink	3	3	.p5.	1.02732037490741	0.021088495937032	48.714729489238	0	0.985987682382707	1.06865306743211	0.5559388082496	0.796742436260845
Gains	=~	pgwork	3	3	.p6.	1.03255597392618	0.0216402264243927	47.7146566619234	0	0.99014190951708	1.07497003833528	0.558772075018238	0.762987430619252
Gains	=~	pgvalues	3	3	.p7.	1.00161921373617	0.0226187701104617	44.2826559023603	0	0.957287238945073	1.04595118852726	0.542030515120052	0.723053227381015
Gains	=~	pgprobsolve	3	3	.p8.	1.00877317140827	0.0211746640591728	47.6405750093247	0	0.96727159246756	1.05027475034899	0.545901909866658	0.78089843690299
SupportEnv	=~	SEacademic	3	3		1	0	NA	NA	1	1	0.676450582850724	0.86405969095566
SupportEnv	=~	SEwellness	3	3	.p10.	0.996452440957054	0.0155618363188881	64.0318032228378	0	0.965951802238726	1.02695307967538	0.674050834468426	0.837458725869074
SupportEnv	=~	SEnonacad	3	3	.p11.	1.01098081423194	0.0163333787880413	61.8966122901737	0	0.978967980061532	1.04299364840235	0.683878561038098	0.807033207585363
SupportEnv	=~	SEactivities	3	3	.p12.	0.983050332708573	0.017308738374434	56.7950310093423	0	0.949125828876856	1.01697483654029	0.664984970532313	0.777036082311849
SupportEnv	=~	SEdiverse	3	3	.p13.	1.00346661296783	0.0162358990407933	61.8054233058846	0	0.971644835591251	1.03528839034442	0.678795575213333	0.818861605630416
Satisf	=~	sameinst	3	3		1	0	NA	NA	1	1	0.676837198167245	0.914819235209486
Satisf	=~	evalexp	3	3	.p15.	0.948537793573911	0.0240134255520355	39.5003116701735	0	0.901472344346488	0.995603242801335	0.642005662558307	0.878926747578646
DevAdj	=~	Belong	3	3		1	0	NA	NA	1	1	0.648955177467466	0.648955177467466
DevAdj	=~	Gains	3	3	.p17.	0.525822022369175	0.0336387077184765	15.6314572714802	0	0.459891366754492	0.591752677983858	0.46070914555693	0.46070914555693
DevAdj	=~	SupportEnv	3	3	.p18.	0.905865167583364	0.0431869849044628	20.9754204788155	0	0.821220232569742	0.990510102596986	0.634945774934386	0.634945774934386
DevAdj	=~	Satisf	3	3	.p19.	0.959314150862534	0.0452856300691268	21.1836326313265	0	0.870555946909841	1.04807235481523	0.672025549001062	0.672025549001062
EmoDiss	=~	MHWdacad	3	3		1	0	NA	NA	1	1	0.920409384561986	0.891126585882302
EmoDiss	=~	MHWdlonely	3	3	.p21.	1.01455641747949	0.00968734809254714	104.730046632683	0	0.995569564112397	1.03354327084659	0.933807247815713	0.915812398470642
EmoDiss	=~	MHWdmental	3	3	.p22.	1.01294257475992	0.00953404273772651	106.244811631867	0	0.994256194366915	1.03162895515293	0.932321851831416	0.932285832861493
EmoDiss	=~	MHWdexhaust	3	3	.p23.	1.00098772355317	0.00946713049742522	105.732959298006	0	0.982432488741275	1.01954295836506	0.921318494589676	0.920822042739697
EmoDiss	=~	MHWdsleep	3	3	.p24.	1.00731887889783	0.0100472537805081	100.258130321346	0	0.987626623344495	1.02701113445115	0.927145749384017	0.906593069810364
EmoDiss	=~	MHWdfinancial	3	3	.p25.	0.994963786663725	0.0111834574735414	88.9674583211568	0	0.973044612792948	1.0168829605345	0.915774006544622	0.837814412216478
QualEngag	=~	QIadmin	3	3		1	0	NA	NA	1	1	1.05336871478666	0.896550550326206
QualEngag	=~	QIstudent	3	3	.p27.	1.02298974258186	0.0109741864484738	93.2178205086105	0	1.00148073238322	1.04449875278049	1.07758539038339	0.92146588575276
QualEngag	=~	QIadvisor	3	3	.p28.	1.01666836504603	0.0100362664814983	101.299459009009	0	0.996997644203044	1.03633908588901	1.07092664905279	0.941830099772338
QualEngag	=~	QIfaculty	3	3	.p29.	1.01834188807086	0.0102169318526844	99.671985949804	0	0.998317069607099	1.03836670653462	1.07268948585063	0.943235744574981
QualEngag	=~	QIstaff	3	3	.p30.	1.02027943456028	0.0106350373992482	95.9356696415952	0	0.99943514428352	1.04112372483705	1.07473043670603	0.917788914049619
sbvalued	~~	sbvalued	3	3		0.150179295303488	0.0108554622810523	13.8344449471874	0	0.128902980197092	0.171455610409883	0.150179295303488	0.219562942818315
sbmyself	~~	sbmyself	3	3		0.183829382838433	0.0117944912544046	15.5860374876095	0	0.160712604763827	0.206946160913038	0.183829382838433	0.261078202318948
sbcommunity	~~	sbcommunity	3	3		0.0990984006992066	0.00892900673604214	11.0984797781811	0	0.0815978690788485	0.116598932319565	0.0990984006992066	0.15398457623442
pganalyze	~~	pganalyze	3	3		0.269869400882554	0.0134340062407572	20.088527282636	0	0.243539232482583	0.296199569282524	0.269869400882554	0.479582516883432
pgthink	~~	pgthink	3	3		0.177807725303523	0.0102332056867579	17.3755644854878	0	0.157751010711087	0.197864439895959	0.177807725303523	0.365201490261133
pgwork	~~	pgwork	3	3		0.22410689322442	0.012032283227392	18.6254669200465	0	0.200524051446946	0.247689735001894	0.22410689322442	0.417850180717033
pgvalues	~~	pgvalues	3	3		0.268164903498866	0.0134777292834977	19.8968904819309	0	0.24174903950983	0.294580767487903	0.268164903498866	0.477194030373898
pgprobsolve	~~	pgprobsolve	3	3		0.19068860823157	0.0107157753608347	17.7951293126695	0	0.169686074457913	0.211691142005228	0.19068860823157	0.390197631242467
SEacademic	~~	SEacademic	3	3		0.15530760692971	0.00920775826633094	16.8670378215301	0	0.137260732349351	0.17335448151007	0.15530760692971	0.25340085046561
SEwellness	~~	SEwellness	3	3		0.193481626463903	0.0107043798529106	18.0749963213698	0	0.172501427475362	0.214461825452444	0.193481626463903	0.298662882465748
SEnonacad	~~	SEnonacad	3	3		0.250393977657214	0.0135230873176007	18.5160364476327	0	0.223889213554926	0.276898741759502	0.250393977657214	0.348697401854481
SEactivities	~~	SEactivities	3	3		0.290183102967641	0.0150637661134387	19.2636489960344	0	0.260658663913766	0.319707542021516	0.290183102967641	0.396214926785453
SEdiverse	~~	SEdiverse	3	3		0.226395170114551	0.0117433687417197	19.278554143519	0	0.203378590323607	0.249411749905496	0.226395170114551	0.329465670824377
sameinst	~~	sameinst	3	3		0.0892826720456739	0.0133282052741502	6.69877678271025	2.1017187989969e-11	0.0631598697297826	0.115405474361565	0.0892826720456739	0.163105766890731
evalexp	~~	evalexp	3	3		0.121375326987607	0.0126141222448696	9.6221777965544	0	0.0966521016910773	0.146098552284137	0.121375326987607	0.227487772390823
MHWdacad	~~	MHWdacad	3	3		0.219647223126762	0.0122050768943014	17.9963817539991	0	0.19572571198539	0.243568734268135	0.219647223126762	0.205893407933753
MHWdlonely	~~	MHWdlonely	3	3		0.167688221867472	0.00988327038386179	16.9668758775725	0	0.148317367865631	0.187059075869312	0.167688221867472	0.16128765080745
MHWdmental	~~	MHWdmental	3	3		0.130853236319362	0.00818927755799616	15.9786056086956	0	0.114802547246288	0.146903925392437	0.130853236319362	0.130843125845753
MHWdexhaust	~~	MHWdexhaust	3	3		0.152250801881362	0.00937614296360754	16.2381058471811	0	0.133873899358792	0.170627704403931	0.152250801881362	0.152086765604692
MHWdsleep	~~	MHWdsleep	3	3		0.186255172635296	0.010545218723492	17.662523416453	0	0.165586923728154	0.206923421542438	0.186255172635296	0.178089005771821
MHWdfinancial	~~	MHWdfinancial	3	3		0.356118784892082	0.01828428153664	19.4767721213685	0	0.320282251597077	0.391955318187088	0.356118784892082	0.298067010682357
QIadmin	~~	QIadmin	3	3		0.270834431396756	0.0151866476593063	17.8337206125139	0	0.241069148938616	0.300599713854896	0.270834431396756	0.196197110709778
QIstudent	~~	QIstudent	3	3		0.206364930010371	0.011500766562431	17.9435804465847	0	0.183823841753404	0.228906018267338	0.206364930010371	0.150900621393882
QIadvisor	~~	QIadvisor	3	3		0.146044049763642	0.00922073543972437	15.8386552480903	0	0.12797174039081	0.164116359136474	0.146044049763642	0.112956063162827
QIfaculty	~~	QIfaculty	3	3		0.142661893225421	0.00880910291981912	16.1948264793744	0	0.125396368766469	0.159927417684373	0.142661893225421	0.110306330156081
QIstaff	~~	QIstaff	3	3		0.216194514539106	0.0118502640882501	18.2438562490323	0	0.192968423718847	0.239420605359364	0.216194514539106	0.157663509247621
Belong	~~	Belong	3	3		0.309001312778864	0.0188052646902655	16.4316385793185	0	0.272143671266201	0.345858954291527	0.57885717763817	0.57885717763817
Gains	~~	Gains	3	3		0.230690114248923	0.0140080553680717	16.4683896649017	0	0.203234830234059	0.258145398263786	0.787747083200204	0.787747083200204
SupportEnv	~~	SupportEnv	3	3		0.273107032391158	0.0166804184237052	16.3729125645335	0	0.240414013033638	0.305800051748679	0.596843862892972	0.596843862892972
Satisf	~~	Satisf	3	3		0.251218351274978	0.0172232133854722	14.5860325627087	0	0.217461473341405	0.284975229208552	0.54838166148982	0.54838166148982
DevAdj	~~	DevAdj	3	3		0.22481138699561	0.0180830395407878	12.432168081507	0	0.189369280764652	0.260253493226568	1	1
EmoDiss	~~	EmoDiss	3	3		0.847153435189773	0.0393888277338144	21.507454878189	0	0.769952751438245	0.924354118941302	1	1
QualEngag	~~	QualEngag	3	3		1.10958564929131	0.0487262116485048	22.7718431569337	0	1.01408402935716	1.20508726922545	1	1
DevAdj	~~	EmoDiss	3	3		-0.292144981606795	0.0195097723418076	-14.9742896271914	0	-0.330383432743313	-0.253906530470276	-0.669434730371666	-0.669434730371666
DevAdj	~~	QualEngag	3	3		0.345733123211921	0.0222593246189082	15.5320580983952	0	0.302105648638675	0.389360597785167	0.692231600939175	0.692231600939175
EmoDiss	~~	QualEngag	3	3		-0.289153617036342	0.0324155022494837	-8.92022634142427	0	-0.352686833986108	-0.225620400086577	-0.298240882366426	-0.298240882366426
sbvalued	~1		3	3	.p67.	2.76388507077146	0.0153004457285121	180.640820523354	0	2.73389674819617	2.79387339334676	2.76388507077146	3.34190785019931
sbmyself	~1		3	3	.p68.	2.75778917857914	0.0154375058119594	178.642146741262	0	2.72753222317657	2.7880461339817	2.75778917857914	3.28653987118289
sbcommunity	~1		3	3	.p69.	2.76774165808542	0.0151361489036997	182.856397336901	0	2.73807535136953	2.79740796480131	2.76774165808542	3.45009329202528
pganalyze	~1		3	3	.p70.	2.92365856802442	0.0135470548721633	215.815067969645	0	2.89710682837839	2.95021030767045	2.92365856802442	3.89745852311401
pgthink	~1		3	3	.p71.	2.9418900312993	0.0132213024870921	222.511362565938	0	2.91597675459589	2.96780330800271	2.9418900312993	4.21616299486066
pgwork	~1		3	3	.p72.	2.92684480746702	0.0136425682019925	214.537670923247	0	2.90010586513448	2.95358374979955	2.92684480746702	3.99652362619887
pgvalues	~1		3	3	.p73.	2.9177976128795	0.0138090689038187	211.295753044771	0	2.89073233516798	2.94486289059101	2.9177976128795	3.89225868652408
pgprobsolve	~1		3	3	.p74.	2.9263080360397	0.0131581192326226	222.39561629633	0	2.90051859623947	2.95209747583992	2.9263080360397	4.1860072843457
SEacademic	~1		3	3	.p75.	2.74604172916554	0.0142570051612145	192.609997549556	0	2.71809851252216	2.77398494580892	2.74604172916554	3.50763829318442
SEwellness	~1		3	3	.p76.	2.72560028375111	0.0145190927050117	187.725248342156	0	2.69714338496109	2.75405718254113	2.72560028375111	3.38635845271031
SEnonacad	~1		3	3	.p77.	2.72663156234991	0.0149914528580423	181.879073907583	0	2.69724885467222	2.75601427002761	2.72663156234991	3.21765053188172
SEactivities	~1		3	3	.p78.	2.72894081231773	0.0152449075214694	179.006714765214	0	2.69906134262801	2.75882028200745	2.72894081231773	3.18877203490308
SEdiverse	~1		3	3	.p79.	2.72355758966889	0.0148025968347982	183.991877916063	0	2.69454503299501	2.75257014634276	2.72355758966889	3.28554990978286
sameinst	~1		3	3	.p80.	2.88749603644353	0.0137485154568164	210.022387181588	0	2.86054944130728	2.91444263157978	2.88749603644353	3.90276557329075
evalexp	~1		3	3	.p81.	2.87952230092243	0.0136489741820182	210.969869421839	0	2.85277080309976	2.9062737987451	2.87952230092243	3.94216019909338
MHWdacad	~1		3	3	.p82.	3.95952390073311	0.0219276645586931	180.572075522899	0	3.916546467933	4.00250133353323	3.95952390073311	3.83355175920857
MHWdlonely	~1		3	3	.p83.	3.96041983140941	0.021886195987778	180.955147875905	0	3.91752367551478	4.00331598730404	3.96041983140941	3.88410091401383
MHWdmental	~1		3	3	.p84.	3.95674565504497	0.021550386709764	183.604392270709	0	3.91450767324093	3.99898363684902	3.95674565504497	3.95659279162934
MHWdexhaust	~1		3	3	.p85.	3.96269983412391	0.0214713563614968	184.557499182025	0	3.92061674895615	4.00478291929167	3.96269983412391	3.96056453598856
MHWdsleep	~1		3	3	.p86.	3.96081686945567	0.0219150472017218	180.735037118446	0	3.9178641662208	4.00376957269054	3.96081686945567	3.87301470887636
MHWdfinancial	~1		3	3	.p87.	3.97329657907097	0.0224882362670806	176.683334872609	0	3.92922044591166	4.01737271223027	3.97329657907097	3.63505091230593
QIadmin	~1		3	3	.p88.	4.76350301139422	0.0233739403446112	203.795463715746	0	4.71769093014199	4.80931509264644	4.76350301139422	4.05434601046697
QIstudent	~1		3	3	.p89.	4.7594279567938	0.0236044260377625	201.632861107473	0	4.71316413188405	4.80569178170355	4.7594279567938	4.06988674588758
QIadvisor	~1		3	3	.p90.	4.75905392122194	0.0231983749950012	205.146003642386	0	4.71358594173188	4.804521900712	4.75905392122194	4.18536622784652
QIfaculty	~1		3	3	.p91.	4.76575809685672	0.0231810544884256	205.588494657837	0	4.72032406493575	4.8111921287777	4.76575809685672	4.1906194161941
QIstaff	~1		3	3	.p92.	4.75782764493963	0.023429171407571	203.072808772152	0	4.71190731279317	4.80374797708608	4.75782764493963	4.06304810801484
Belong	~1		3	3		0.00976007682101447	0.0195876955557624	0.498275909651006	0.618289585119625	-0.0286311010084151	0.048151254650444	0.0133585335373717	0.0133585335373717
Gains	~1		3	3		-0.058108724885942	0.0194832818066211	-2.98249162860205	0.00285912467422711	-0.0962952555275638	-0.0199221942443202	-0.107379222585978	-0.107379222585978
SupportEnv	~1		3	3		-0.0126592288624711	0.0188429449758421	-0.671828574498364	0.501692835398764	-0.0495907223777916	0.0242722646528493	-0.018714196104499	-0.018714196104499
Satisf	~1		3	3		0.0375002210277332	0.0189652344401052	1.97731386586145	0.0480061633051601	0.000329044566768279	0.074671397488698	0.0554050828312585	0.0554050828312585
DevAdj	~1		3	3		-0.0282570961144553	0.0153753496215166	-1.83781811861446	0.0660892108487694	-0.0583922276223394	0.00187803539342888	-0.0595961735671593	-0.0595961735671593
EmoDiss	~1		3	3		-0.556193611687133	0.0363632140764413	-15.2955019464981	0	-0.627464201639078	-0.484923021735189	-0.60428937494137	-0.60428937494137
QualEngag	~1		3	3		0.072948154924617	0.040721143512107	1.79140732879784	0.0732279537141796	-0.00686381976839949	0.152760129617634	0.0692522512778359	0.0692522512778359
Belong	=~	sbvalued	4	4		1	0	NA	NA	1	1	0.586635479517474	0.829563602023068
Belong	=~	sbmyself	4	4	.p2.	0.987249553408594	0.0143965634455005	68.5753622484921	0	0.959032807554267	1.01546629926292	0.579155615167263	0.805055473461576
Belong	=~	sbcommunity	4	4	.p3.	1.00992564707502	0.0137064695414176	73.6824055256002	0	0.983061460418649	1.0367898337314	0.592458216248851	0.836234243320741
Gains	=~	pganalyze	4	4		1	0	NA	NA	1	1	0.519608287641124	0.710988954955861
Gains	=~	pgthink	4	4	.p5.	1.02732037490741	0.021088495937032	48.714729489238	0	0.985987682382707	1.06865306743211	0.533804180864476	0.813630931047422
Gains	=~	pgwork	4	4	.p6.	1.03255597392618	0.0216402264243927	47.7146566619234	0	0.990141909517081	1.07497003833528	0.536524641505397	0.752993241896698
Gains	=~	pgvalues	4	4	.p7.	1.00161921373617	0.0226187701104617	44.2826559023604	0	0.957287238945074	1.04595118852727	0.5204496445179	0.70113124101395
Gains	=~	pgprobsolve	4	4	.p8.	1.00877317140827	0.0211746640591728	47.6405750093247	0	0.96727159246756	1.05027475034899	0.524166900213759	0.768924141366959
SupportEnv	=~	SEacademic	4	4		1	0	NA	NA	1	1	0.571740602525795	0.811445259381073
SupportEnv	=~	SEwellness	4	4	.p10.	0.996452440957054	0.0155618363188881	64.0318032228378	0	0.965951802238726	1.02695307967538	0.569712318981085	0.801838222171203
SupportEnv	=~	SEnonacad	4	4	.p11.	1.01098081423194	0.0163333787880413	61.8966122901738	0	0.978967980061532	1.04299364840236	0.57801877987099	0.76933587588192
SupportEnv	=~	SEactivities	4	4	.p12.	0.983050332708573	0.017308738374434	56.7950310093422	0	0.949125828876856	1.01697483654029	0.562049789535983	0.70798013930603
SupportEnv	=~	SEdiverse	4	4	.p13.	1.00346661296783	0.0162358990407933	61.8054233058845	0	0.97164483559125	1.03528839034442	0.573722605912748	0.753375963392784
Satisf	=~	sameinst	4	4		1	0	NA	NA	1	1	0.541010251255343	0.887069835971312
Satisf	=~	evalexp	4	4	.p15.	0.948537793573911	0.0240134255520355	39.5003116701735	0	0.901472344346488	0.995603242801335	0.513168670026611	0.806908523501099
DevAdj	=~	Belong	4	4		1	0	NA	NA	1	1	0.312736892076926	0.312736892076926
DevAdj	=~	Gains	4	4	.p17.	0.525822022369175	0.0336387077184761	15.6314572714803	0	0.459891366754492	0.591752677983857	0.185656493284094	0.185656493284094
DevAdj	=~	SupportEnv	4	4	.p18.	0.905865167583364	0.0431869849044625	20.9754204788156	0	0.821220232569743	0.990510102596986	0.290677868403132	0.290677868403132
DevAdj	=~	Satisf	4	4	.p19.	0.959314150862534	0.0452856300691269	21.1836326313264	0	0.870555946909841	1.04807235481523	0.325314033025962	0.325314033025962
EmoDiss	=~	MHWdacad	4	4		1	0	NA	NA	1	1	0.816839206328171	0.841642543565079
EmoDiss	=~	MHWdlonely	4	4	.p21.	1.01455641747949	0.00968734809254714	104.730046632683	0	0.995569564112398	1.03354327084659	0.828729458829102	0.883819215980085
EmoDiss	=~	MHWdmental	4	4	.p22.	1.01294257475992	0.00953404273772651	106.244811631867	0	0.994256194366915	1.03162895515293	0.827411208822912	0.923892079652146
EmoDiss	=~	MHWdexhaust	4	4	.p23.	1.00098772355317	0.0094671304974252	105.732959298006	0	0.982432488741276	1.01954295836506	0.817646017651414	0.911983408516132
EmoDiss	=~	MHWdsleep	4	4	.p24.	1.00731887889782	0.0100472537805082	100.258130321346	0	0.987626623344495	1.02701113445115	0.822817553558283	0.889605413122371
EmoDiss	=~	MHWdfinancial	4	4	.p25.	0.994963786663725	0.0111834574735414	88.9674583211568	0	0.973044612792948	1.0168829605345	0.812725429823669	0.811755671558845
QualEngag	=~	QIadmin	4	4		1	0	NA	NA	1	1	0.868110785387842	0.859574331130068
QualEngag	=~	QIstudent	4	4	.p27.	1.02298974258186	0.0109741864484738	93.2178205086106	0	1.00148073238322	1.04449875278049	0.888068428876443	0.88495498239695
QualEngag	=~	QIadvisor	4	4	.p28.	1.01666836504603	0.0100362664814983	101.299459009009	0	0.996997644203045	1.03633908588901	0.882580772859081	0.916106399243085
QualEngag	=~	QIfaculty	4	4	.p29.	1.01834188807086	0.0102169318526844	99.6719859498041	0	0.998317069607101	1.03836670653462	0.884033576246534	0.91696990462147
QualEngag	=~	QIstaff	4	4	.p30.	1.02027943456029	0.0106350373992482	95.9356696415954	0	0.999435144283523	1.04112372483705	0.885715581251193	0.901621362386295
sbvalued	~~	sbvalued	4	4		0.155936266662792	0.0157667227534225	9.89021428875843	0	0.125034057911855	0.186838475413728	0.155936266662792	0.311824230198513
sbmyself	~~	sbmyself	4	4		0.182112823564462	0.0164614044835431	11.0630185745405	0	0.149849063641772	0.214376583487153	0.182112823564462	0.351885684649558
sbcommunity	~~	sbcommunity	4	4		0.15094222110541	0.0151757448266682	9.94628091269436	0	0.12119830780657	0.180686134404249	0.15094222110541	0.300712290297787
pganalyze	~~	pganalyze	4	4		0.264111965293756	0.0181306342405276	14.5671663654978	0	0.228576575165454	0.299647355422059	0.264111965293756	0.494494705930772
pgthink	~~	pgthink	4	4		0.145489546675397	0.0127306351357262	11.4283022900489	0	0.120537960309054	0.170441133041741	0.145489546675397	0.338004708042905
pgwork	~~	pgwork	4	4		0.219829649138069	0.0169630341836183	12.9593353853148	0	0.186582713069656	0.253076585206483	0.219829649138069	0.433001177657901
pgvalues	~~	pgvalues	4	4		0.2801412972594	0.0185717045169773	15.0843072591053	0	0.243741425274605	0.316541169244195	0.2801412972594	0.508414982874238
pgprobsolve	~~	pgprobsolve	4	4		0.189948547773293	0.0144312504031689	13.1623069704051	0	0.161663816731202	0.218233278815383	0.189948547773293	0.408755664823084
SEacademic	~~	SEacademic	4	4		0.169567370526932	0.0133567097909751	12.6952949626491	0	0.143388700384668	0.195746040669197	0.169567370526932	0.341556591027983
SEwellness	~~	SEwellness	4	4		0.180249221268006	0.0139975362633844	12.8772105230771	0	0.152814554319479	0.207683888216532	0.180249221268006	0.357055465465324
SEnonacad	~~	SEnonacad	4	4		0.230378668517792	0.0170259158344203	13.5310588140022	0	0.197008486678518	0.263748850357066	0.230378668517792	0.408122310081
SEactivities	~~	SEactivities	4	4		0.314342161596227	0.023772822000827	13.2227533435152	0	0.267748286663724	0.360936036528729	0.314342161596227	0.498764122348214
SEdiverse	~~	SEdiverse	4	4		0.250778820516563	0.0179019313343005	14.0084785174025	0	0.215691679847625	0.285865961185501	0.250778820516563	0.432424657781995
sameinst	~~	sameinst	4	4		0.0792671597162137	0.0146161472413013	5.42325952301752	5.85219293025574e-08	0.0506200375305286	0.107914281901899	0.0792671597162137	0.213107106109829
evalexp	~~	evalexp	4	4		0.141114269494515	0.0161212819699456	8.75329082126283	0	0.109517137448806	0.172711401540223	0.141114269494515	0.348898634701276
MHWdacad	~~	MHWdacad	4	4		0.274701888680529	0.0204815278306195	13.412177594967	0	0.23455883178416	0.314844945576898	0.274701888680529	0.291637828861304
MHWdlonely	~~	MHWdlonely	4	4		0.192429743055711	0.0152572498083019	12.6123479312114	0	0.162526082928309	0.222333403183114	0.192429743055711	0.218863593464348
MHWdmental	~~	MHWdmental	4	4		0.117438602225601	0.0111582166747312	10.5248540738191	0	0.0955688994114339	0.139308305039769	0.117438602225601	0.146423425156032
MHWdexhaust	~~	MHWdexhaust	4	4		0.135271231046376	0.0127441330044957	10.6143925992186	0	0.110293189343377	0.160249272749376	0.135271231046376	0.168286262591297
MHWdsleep	~~	MHWdsleep	4	4		0.178456004616467	0.015260993573224	11.6936032873754	0	0.148545006844651	0.208367002388284	0.178456004616467	0.208602208943375
MHWdfinancial	~~	MHWdfinancial	4	4		0.34186808897391	0.021145549500336	16.1673778668404	0	0.300423573519943	0.383312604427878	0.34186808897391	0.341052729692048
QIadmin	~~	QIadmin	4	4		0.266344339752853	0.0191689824102099	13.8945476631556	0	0.22877382460856	0.303914854897146	0.266344339752853	0.261131969262296
QIstudent	~~	QIstudent	4	4		0.218383238511707	0.0169304293876517	12.8988600059362	0	0.185200206669111	0.251566270354303	0.218383238511707	0.216854679130813
QIadvisor	~~	QIadvisor	4	4		0.14919887440384	0.0131575749160127	11.3393900742503	0	0.123410501444567	0.174987247363112	0.14919887440384	0.16074906526587
QIfaculty	~~	QIfaculty	4	4		0.14793747011481	0.0130519632948887	11.3344993984731	0	0.122356092129289	0.173518848100331	0.14793747011481	0.159166194018492
QIstaff	~~	QIstaff	4	4		0.180536506737234	0.0152596379678342	11.8309823023185	0	0.150628165903159	0.210444847571309	0.180536506737234	0.187078918888681
Belong	~~	Belong	4	4		0.310482676137481	0.0248411244099047	12.4987368129634	0	0.261794966958589	0.359170385316373	0.902195636334065	0.902195636334065
Gains	~~	Gains	4	4		0.260686571657672	0.019073610154541	13.6673953984327	0	0.223302982699614	0.29807016061573	0.965531666501453	0.965531666501453
SupportEnv	~~	SupportEnv	4	4		0.299267422827618	0.0234804238438961	12.7454012251748	0	0.253246637751846	0.34528820790339	0.915506376820612	0.915506376820612
Satisf	~~	Satisf	4	4		0.261716716146244	0.0237449864229768	11.021977923432	0	0.215177397943817	0.308256034348671	0.894170779916383	0.894170779916383
DevAdj	~~	DevAdj	4	4		0.033658509691216	0.0105980608968129	3.17591208608153	0.001493662096405	0.0128866920275005	0.0544303273549314	1	1
EmoDiss	~~	EmoDiss	4	4		0.667226288994837	0.04314031079862	15.4664228570226	0	0.582672833547677	0.751779744441996	1	1
QualEngag	~~	QualEngag	4	4		0.753616335706696	0.0483958554916691	15.5719188771531	0	0.658762201942019	0.848470469471372	1	1
DevAdj	~~	EmoDiss	4	4		-0.0977118637862477	0.0158954809269991	-6.14714737068952	7.88888288028033e-10	-0.128866433920109	-0.0665572936523862	-0.652023548822728	-0.652023548822728
DevAdj	~~	QualEngag	4	4		0.107315010892076	0.0158632697792482	6.76499942227941	1.33308919458841e-11	0.0762235734477072	0.138406448336445	0.673810665105792	0.673810665105792
EmoDiss	~~	QualEngag	4	4		-0.0307426872125001	0.0354239670512457	-0.867849926803131	0.385476493988185	-0.100172386822475	0.038687012397475	-0.0433540924946578	-0.0433540924946578
sbvalued	~1		4	4	.p67.	2.76388507077146	0.015300445728512	180.640820523354	0	2.73389674819617	2.79387339334676	2.76388507077146	3.90842104669986
sbmyself	~1		4	4	.p68.	2.75778917857914	0.0154375058119594	178.642146741262	0	2.72753222317657	2.7880461339817	2.75778917857914	3.83346585049864
sbcommunity	~1		4	4	.p69.	2.76774165808542	0.0151361489036997	182.856397336902	0	2.73807535136953	2.79740796480131	2.76774165808542	3.90657144703045
pganalyze	~1		4	4	.p70.	2.92365856802443	0.0135470548721633	215.815067969645	0	2.8971068283784	2.95021030767045	2.92365856802443	4.00049229269245
pgthink	~1		4	4	.p71.	2.9418900312993	0.0132213024870921	222.511362565939	0	2.91597675459589	2.96780330800271	2.9418900312993	4.48406515162323
pgwork	~1		4	4	.p72.	2.92684480746702	0.0136425682019925	214.537670923247	0	2.90010586513448	2.95358374979955	2.92684480746702	4.10772253427047
pgvalues	~1		4	4	.p73.	2.9177976128795	0.0138090689038187	211.295753044771	0	2.89073233516798	2.94486289059102	2.9177976128795	3.93075311491616
pgprobsolve	~1		4	4	.p74.	2.9263080360397	0.0131581192326227	222.395616296329	0	2.90051859623947	2.95209747583992	2.9263080360397	4.29273365614931
SEacademic	~1		4	4	.p75.	2.74604172916554	0.0142570051612145	192.609997549556	0	2.71809851252216	2.77398494580892	2.74604172916554	3.89733129560875
SEwellness	~1		4	4	.p76.	2.72560028375111	0.0145190927050117	187.725248342156	0	2.69714338496109	2.75405718254113	2.72560028375111	3.83612994323347
SEnonacad	~1		4	4	.p77.	2.72663156234991	0.0149914528580423	181.879073907583	0	2.69724885467222	2.7560142700276	2.72663156234991	3.6291130224107
SEactivities	~1		4	4	.p78.	2.72894081231773	0.0152449075214694	179.006714765213	0	2.69906134262801	2.75882028200745	2.72894081231773	3.43748175416571
SEdiverse	~1		4	4	.p79.	2.72355758966889	0.0148025968347982	183.991877916063	0	2.69454503299502	2.75257014634276	2.72355758966889	3.57640225751288
sameinst	~1		4	4	.p80.	2.88749603644353	0.0137485154568164	210.022387181588	0	2.86054944130728	2.91444263157978	2.88749603644353	4.7344955654211
evalexp	~1		4	4	.p81.	2.87952230092243	0.0136489741820182	210.969869421839	0	2.85277080309975	2.9062737987451	2.87952230092243	4.5277726874973
MHWdacad	~1		4	4	.p82.	3.95952390073312	0.021927664558693	180.572075522899	0	3.916546467933	4.00250133353323	3.95952390073312	4.0797549154134
MHWdlonely	~1		4	4	.p83.	3.96041983140941	0.021886195987778	180.955147875905	0	3.91752367551478	4.00331598730404	3.96041983140941	4.22368857901317
MHWdmental	~1		4	4	.p84.	3.95674565504497	0.021550386709764	183.604392270709	0	3.91450767324093	3.99898363684902	3.95674565504497	4.41812478839224
MHWdexhaust	~1		4	4	.p85.	3.96269983412391	0.0214713563614968	184.557499182025	0	3.92061674895615	4.00478291929167	3.96269983412391	4.41990350791552
MHWdsleep	~1		4	4	.p86.	3.96081686945567	0.0219150472017218	180.735037118445	0	3.9178641662208	4.00376957269054	3.96081686945567	4.28231521339874
MHWdfinancial	~1		4	4	.p87.	3.97329657907097	0.0224882362670807	176.683334872609	0	3.92922044591166	4.01737271223028	3.97329657907097	3.9685555717704
QIadmin	~1		4	4	.p88.	4.76350301139422	0.0233739403446113	203.795463715745	0	4.71769093014199	4.80931509264644	4.76350301139422	4.71666172541092
QIstudent	~1		4	4	.p89.	4.7594279567938	0.0236044260377625	201.632861107474	0	4.71316413188405	4.80569178170355	4.7594279567938	4.74274205316898
QIadvisor	~1		4	4	.p90.	4.75905392122194	0.0231983749950012	205.146003642385	0	4.71358594173188	4.804521900712	4.75905392122194	4.93983087514012
QIfaculty	~1		4	4	.p91.	4.76575809685672	0.0231810544884256	205.588494657837	0	4.72032406493575	4.8111921287777	4.76575809685672	4.94331535016834
QIstaff	~1		4	4	.p92.	4.75782764493963	0.023429171407571	203.072808772152	0	4.71190731279317	4.80374797708608	4.75782764493963	4.84326925486597
Belong	~1		4	4		-0.0580626399613695	0.0246784253307461	-2.35276923803687	0.0186341942229908	-0.106431464804793	-0.0096938151179461	-0.0989756705631371	-0.0989756705631371
Gains	~1		4	4		0.0369804155938752	0.0265730371641256	1.39165182231408	0.164027857973698	-0.0151017802076553	0.0890626113954057	0.0711697955430154	0.0711697955430154
SupportEnv	~1		4	4		0.00945305669509708	0.0253263130854195	0.373250408111682	0.708962082248658	-0.0401856048135107	0.0590917182037048	0.0165338208504627	0.0165338208504627
Satisf	~1		4	4		0.0842932078471172	0.0236484291017238	3.5644315943579	0.000364645530810837	0.0379431385167897	0.130643277177445	0.155807043677132	0.155807043677132
DevAdj	~1		4	4		0.0638278487644932	0.014710021435212	4.33907245109145	1.43085348709437e-05	0.0349967365396655	0.0926589609893209	0.347906678786395	0.347906678786395
EmoDiss	~1		4	4		-0.597156137773481	0.0435546266312236	-13.710509857646	0	-0.682521637330769	-0.511790638216194	-0.731057144597402	-0.731057144597402
QualEngag	~1		4	4		0.347520857656469	0.0453271788517135	7.66694214068282	1.75415237890775e-14	0.258681219586305	0.436360495726633	0.400318557845366	0.400318557845366
